ID	pair	B1	B2	Slope	X1	X2	Theta	PointVar	exitflag	R	LS	AR	N	status	comment
5031	indent-intent	18.4347152784774	82.0048748870149	-60.0623200919178	4.06896582044805	3.37595823144012	87.0941043681785	12.6585076881497	2	0.916480643314379	160.237816890945	0.105244634946555	102	1	
5031	kata-katta	35.6339720339724	56.0405107980026	-13.8555109950401	2.82772630536337	3.72933380174148	46.7457107999764	24.4459217319653	2	0.325915657118904	597.603089325375	-0.225324140470637	103	1	
5031	reason-risen	19.1738011594315	95.9639150910471	-19.5646984434754	3.90060209658395	4.81495180699751	78.3099743947867	15.7124108411733	2	0.834778551878779	246.87985444182	0.0494041881667436	103	1	
5031	toru-tooru	18.8074646836011	97.9999787687244	-11.0944359693802	4.04043728222918	4.72076797103521	90.2908248244944	20.7525775771548	2	0.678600127597074	430.66947609583	0.199564349440854	97	1	
5096	indent-intent	4.18285161999477	96.405819681441	-157.864423127969	2.45805930599479	2.84430713940887	77.5458722753535	12.1839623078464	2	0.958976434543467	148.448937519023	-0.214175011515678	103	1	
5096	kata-katta	5.96065233912091e-05	96.3555389191569	-29.1097882159466	3.70414594685158	3.21350158981116	106.714121803532	30.4048037060037	2	0.742890082885257	924.452088400619	0.00906643202474638	103	1	
5096	reason-risen	2.44784390903118	97.8050020519293	-45.0515346658257	4.42735677519805	3.48417119381728	78.9607817644978	23.9392780505837	2	0.854020794515436	573.089033583161	-0.0694305768989011	103	1	
5096	toru-tooru	6.14326613915236	93.7503174711204	-85.5088834492618	3.41994348965584	3.35336022125526	99.5568171738239	18.9135800553053	2	0.902472562307124	357.723510508443	-0.11157964560739	102	1	
5098	indent-intent	4.45157400084335	94.3650172040148	-87.9437063160261	3.04548031039649	3.53967658043273	76.9908933532535	14.1432445634287	2	0.94605643826576	200.031366780956	-0.0451223460945914	102	1	
5098	kata-katta	5.00303726891316	82.7758981374666	-12.1646143459761	4.02246000137466	2.92285857163937	98.015693387199	25.130632823505	2	0.60096734900564	631.548706109825	-0.0905408387412097	100	1	
5098	reason-risen	29.9272958578546	64.6952308640157	-226.6371794791	3.72486581423097	3.10213013482346	44.4557151990748	27.5088950070255	2	0.482182901446869	756.73930450755	0.0697916611190354	100	1	
5098	toru-tooru	22.0180889262239	86.1915085368211	-26.1764017826914	3.9862632793383	3.91181307808909	91.6884067745482	21.7424789090609	2	0.767347904541975	472.735389110956	-0.103384676729176	94	1	
5103	indent-intent	4.13896438152163	85.0316973270167	-70.4499509032128	6.03425025718744	2.80968013591473	75.6526481968886	18.3460875960099	2	0.873018489490062	336.578930080469	-0.160416690573665	96	1	
5103	kata-katta	5.90079057781949	98.4223609349599	-6.16123751186825	6.10176885641238	4.84771008602205	100.77643316474	29.227318737302	2	0.377826827172508	854.236160571842	-0.0102097586169892	99	1	
5103	reason-risen	3.50268610065489	87.466600211091	-55.3642991990751	3.62900895376094	3.76093851398661	95.2864162799822	16.1705823018936	2	0.915784699338963	261.487731982315	0.103273217211228	102	1	
5103	toru-tooru	0.000128991705895143	80.5685907931955	-23.7587895765646	4.63216283229745	2.97134166873515	91.9874583986407	34.8570045123456	2	0.628609065907494	1215.01076357368	0.0587869057175042	99	1	
5114	indent-intent	5.8857562418979	98.6565094973017	-61.9002438656017	3.06378758845589	2.98688908184384	67.3347415542926	19.0024435396239	2	0.896651014326861	361.092860476594	0.0719431666677278	102	1	
5114	kata-katta	8.18948252449245	90.5028420035473	-36.4755906372243	2.74223533543055	4.18844955617952	82.2576050605023	23.3879123778228	2	0.819283721888238	546.994445392718	-0.0809310496022563	101	1	
5114	reason-risen	0.000243979157030449	99.1729430038041	-52.106252464013	6.66525963454551	4.54766179211534	4.80069401033072	27.9780653283439	2	0.811858747374325	782.772139517081	0	99	3	refit with mean for all params, to better estimate theta
5114	toru-tooru	4.10760069681378	93.0270886736979	-84.9609152753898	6.52497693113038	3.66501993223654	86.3574612323227	18.3153099856819	2	0.912450298791137	335.450579871618	0.140392935495845	102	1	
5138	indent-intent	19.0797062518677	91.7359184508244	-79.4874438466996	4.72814594270737	4.07244178575854	85.5275704429153	26.2274467189717	2	0.78890501240728	687.878961396498	0.277423076010039	97	1	
5138	kata-katta	5.17874524858045	87.9790665122931	-29.977792571819	3.10346908689586	4.82330210192251	106.54715690794	30.2259399028638	2	0.723982358500631	913.607443011533	-0.0488297993844612	103	1	
5138	reason-risen	3.05277397207861	96.3298435507975	-47.2688620710461	2.23413117543761	3.25325658811775	84.3356841022638	18.281035970567	2	0.902660473507315	334.196276157164	-0.263886056256366	105	1	
5138	toru-tooru	9.08364997754501	81.0646016239366	-42.2613689719901	3.87075246268447	3.77200942216536	84.7113663627444	31.5072621561913	2	0.705681433026133	992.707568578963	-0.032869200050233	104	1	
5156	indent-intent	10.4433350287531	78.4721836529746	-277.062092105711	3.42748569574935	3.07572992131837	85.7846942122205	17.9636565582644	2	0.871052633664157	322.692956943277	-0.0981749271987502	101	1	
5156	kata-katta	39.678459840509	53.8628319764784	-150.126088369857	3.37827730818346	1.92893254497585	75.2588416017225	13.7129109152399	2	0.360529958762324	188.043925769306	-0.117987313690006	103	1	
5156	reason-risen	11.6378224688248	88.2230421926748	-37.8144891272444	2.24665187165944	4.76869224073464	98.4141524815172	18.343766699869	2	0.865745066473022	336.493776739224	-0.18815929041579	102	1	
5156	toru-tooru	30.5839664444701	57.0825749727321	-15.0319886403852	1.00001959509678	4.99997170372805	139.385646062647	18.5647920200816	2	0.486826636723104	344.651502748886	0.0165079390260599	104	1	
5178	indent-intent	0.00302885560666488	99.9998652258238	-220.065298874738	4.43577734689002	2.99353189642831	80.5415083442817	11.1538763627541	2	0.971457508566858	124.408957915605	-0.266183205265962	98	1	
5178	kata-katta	4.00382477936337	90.7411092491581	-6.19949586917298	4.26310609271638	4.99628431349939	91.4795089822033	19.3761780119285	2	0.523110594518311	375.436274349942	-0.00930487450524311	102	1	
5178	reason-risen	4.62695355048726	99.9997731770525	-57.2147887086856	3.95819631497688	4.13116959613112	85.5503555356126	20.6064723683776	2	0.900382796099502	424.62670346871	0.0797056114278595	100	1	
5178	toru-tooru	8.71479630675243e-05	89.3559804822598	-20.0172776715276	2.76507710533611	3.78495029604214	87.5323479252931	23.9185252759516	2	0.773071585715116	572.095851376335	-0.0315797894950062	101	1	
5190	indent-intent	1.35931644730448	94.7622610345078	-44.3069251528027	5.02407656087959	3.13450042913387	84.0484577930707	16.9497124340945	2	0.911230602648384	287.292751598499	-0.00537893499379124	104	1	
5190	kata-katta	41.1384645186135	53.7635696366	194.455975530078	1.6154491234707	4.01100697438772	68.1457752168867	22.2904211799123	2	0.264257385169003	496.862876377883	-0.069006640542999	93	1	
5190	reason-risen	11.3043483871029	87.8538811136096	-16.3509663362417	4.26866313865735	3.52533151375944	87.5462816019348	18.9114832483235	2	0.781750702610947	357.644198651619	-0.107947268833389	105	1	
5190	toru-tooru	6.66758238359558	99.9963844752858	-26.9951109376224	3.96273617583594	4.63050983697343	95.7335909975918	23.6893296970116	2	0.814611034595761	561.184341493715	-0.0869366198820965	99	1	
5208	indent-intent	0.409428121720573	99.514413032208	-999.999966611461	4.66923090816486	2.75281636607012	76.1826866239445	0.799802030588927	2	0.999847590066518	0.639683288134172	-0.197317460226565	103	1	
5208	kata-katta	35.3709670919227	70.8387616719427	-11.5688794198828	1.0000816731977	4.99999880461226	75.990666582161	42.9744618125529	2	0.247027811723407	1846.80436807857	-0.197644822122102	104	1	
5208	reason-risen	22.301244970808	96.0839155574134	-36.3909258600753	2.87205860971296	4.37574148860873	92.1179603076071	35.0431621135845	2	0.661335799519325	1228.02321091897	0.0709329142664177	104	1	
5208	toru-tooru	20.1553503614745	86.5117594878034	-722.561766597178	3.97261076797214	3.4634427506881	100.819675320016	34.1906422709542	2	0.687628058057069	1169.00001890036	0.307736382384018	104	1	
5212	indent-intent	9.84542384197538	88.283774147087	-50.420887630767	4.00440670081526	3.31809564246957	85.8427179127727	12.0955789550934	2	0.941561565553656	146.303030258899	-0.0388095454227947	105	1	
5212	kata-katta	2.03279921750091	93.5386385447906	-12.3510967681729	2.10192577840668	3.65105868057598	89.5365583122262	19.5025151772339	2	0.738106876055934	380.34809823824	0.00717415220783339	103	1	
5212	reason-risen	18.669063156054	94.0037919565827	31.7851302308888	3.67639607932033	4.97623525814296	179.89999999983	17.2191207151141	2	0.831762817590696	296.49811820167	0.0921320785130854	96	1	
5212	toru-tooru	2.21901281046556	85.7222076183356	-17.9210845221569	6.14356429591747	3.29666025777551	73.5766816541095	20.1074467757543	2	0.78137156724582	404.309415839793	-0.049121392949394	92	1	
5231	indent-intent	13.7756926697953	86.469508581458	-76.2009363841717	2.21377819946057	3.22319382063441	85.4073870417408	10.7335418210716	2	0.950825856122863	115.208920024693	-0.210393009138388	99	1	
5231	kata-katta	5.00351519554366	89.0592816636777	-12.3082168490803	1.30461723092354	2.05461444210098	140.666698109404	24.2040672025533	2	0.588625344435703	585.836869145715	0.072680593755192	99	1	
5231	reason-risen	4.00228283776623	84.6629825570078	-20.097773673987	4.65698759731468	2.52669561125048	68.4826192097879	19.8508165302352	2	0.747156623210636	394.054916917061	-0.191365709566599	104	1	
5231	toru-tooru	21.4139072678347	86.2509313098095	-244.795112895361	4.49406892726531	3.50169509454153	75.3107468488747	11.4420783955112	2	0.940000950076688	130.921158009023	0.140200769675812	97	1	
5238	indent-intent	23.3328155219304	84.2314828921893	-71.9268833953921	2.30637160665957	3.20365619906109	76.0957420898853	7.03723842689465	2	0.96941463331517	49.5227246769627	0.181401043520044	104	1	
5238	kata-katta	8.04690603563194	77.852027643726	-13.4060693028389	5.03475181493936	2.90277684370082	96.0749743157576	11.7845678414071	2	0.852732428555124	138.876039208727	-0.181660760548409	103	1	
5238	reason-risen	13.8940680909907	80.3936626146971	-16.0930322865029	2.54758720153956	3.79338523057445	79.1459565302206	10.1554041920165	2	0.909105113503801	103.132234303227	0.15828354490553	104	1	
5238	toru-tooru	9.05918057601212	79.8434886363267	-19.3169718634881	4.25308345205326	3.62737085576484	97.5013679412093	13.1594772821705	2	0.882042106095574	173.171842339961	-0.0394136859506472	104	1	
5341	indent-intent	42.1268293766678	54.80629725314	-26.4233366495295	2.18405169718034	4.99766828424141	150.114858352451	24.3962394098829	2	0.255935049769674	595.176497344322	-0.0124450387944254	105	1	
5341	kata-katta	14.8765410653246	77.204393167124	-51.1886448867985	4.02374760132421	3.84294041206773	81.4485596428463	21.2258618514131	2	0.799358650368579	450.537211335273	0.0540685101421535	105	1	
5341	reason-risen	1.77869378723732	94.5551876837993	-57.5561348274732	3.73045427573924	3.45541294909514	10.9438484542619	20.6767554562716	2	0.878736561655948	427.528216198456	0	105	3	refit with mean for all params, to better estimate theta
5341	toru-tooru	0.34355358694705	95.9062353804776	-65.4710197976236	3.28596459458462	3.23593263128454	100.54330309488	15.5389361116194	2	0.935360841091886	241.458535480991	-0.341216670798379	104	1	
5348	indent-intent	0.528760987086988	99.9997335129656	-49.2115648133346	3.91786415546077	3.62307809041241	82.6196051647639	11.8668844573499	2	0.962236469858742	140.822946724093	-0.12378894084344	104	1	
5348	kata-katta	5.75432388262853e-05	95.6432435324985	-10.0213391792257	4.14136692198512	3.06897246753072	85.5290997909122	17.8503726997529	2	0.71102086857577	318.635805520085	-0.0995275632154239	104	1	
5348	reason-risen	7.07071356520483e-06	96.5437901500557	-21.6434935613043	2.84631541846384	3.71339898832764	83.5570392447714	14.1476522035734	2	0.915515265346433	200.156062873277	-0.142512941672326	102	1	
5348	toru-tooru	1.25629041634046e-05	96.2554125330205	-29.6100857184704	4.05776319899938	2.61760596565046	100.263482649938	13.7197277722916	2	0.919335686813669	188.230930145791	-0.0128249960903883	105	1	
5356	indent-intent	1.45853544757311	99.6188807894393	-753.661053313361	5.58414225902243	3.47121102323689	76.8387812129509	8.26203562666622	2	0.985272747011476	68.2612326963019	-0.224048843611464	105	1	
5356	kata-katta	32.3317994293886	86.6231072728224	-30.320681156784	1.00000066851935	4.99999999295195	97.7312736599614	29.2618016485828	2	0.611695194338573	856.253035721002	-0.20546040658505	105	1	
5356	reason-risen	3.63526699685205	99.9937440846482	-68.5059951302114	3.80407966221339	4.55737177485576	79.8002820804122	20.08321548042	2	0.900332131841743	403.335544032983	-0.114529940197613	105	1	
5356	toru-tooru	1.16075669669979e-05	99.9999967015438	-34.0939381241233	4.92368730342759	2.99403930471062	99.6753997634596	24.9525650302344	2	0.821801432031075	622.630501588077	-0.102350337468923	105	1	
5363	indent-intent	1.65373463890989	97.1332687708126	-71.4686601452014	5.02778567304151	3.30809127717469	74.5802553832627	13.7606881487882	2	0.950279671565256	189.356538328199	-0.144204402289708	103	1	
5363	kata-katta	53.6342353368389	65.0472577430792	-120.73041479734	6.22427737132209	2.83228119830406	105.617550366715	14.7065960714104	2	0.33687150168926	216.283968007625	-0.0955813885732415	91	1	
5363	reason-risen	1.07418778414153	95.8737408641387	-26.5198453988196	4.93256783391538	4.67176019568057	94.5145295529657	15.8741807601448	2	0.900968398846749	251.989614805752	0.0323549994990155	104	1	
5363	toru-tooru	53.4280436406679	61.0588737860965	-78.8602206517298	3.40154182437682	4.16888445929194	26.0577878637751	17.632683183451	2	0.16577972584502	310.911516247956	0	97	3	refit with mean for all params, to better estimate theta
5386	indent-intent	5.58894884753971	90.7792598047093	-480.891442954434	2.58606667014578	3.2162047617447	81.0949899118095	13.2630510515055	2	0.951880462219527	175.908523194841	-0.0410810249915226	104	1	
5386	kata-katta	16.9910166677235	96.8996102209899	20.3068029225194	4.44405813113098	1.96165608262877	105.605104481948	28.4628569761904	2	0.608744622372808	810.134227247069	-0.080409131994897	102	1	
5386	reason-risen	0.0491110685776913	99.9902415382211	-23.7941839161314	2.34227228924222	3.39538540170776	69.4127370302963	26.0387104525246	2	0.778231982393985	678.014442030416	-0.000655908803532088	98	1	
5386	toru-tooru	5.85488827368336	71.6075604400589	-505.364047936808	5.76177166009097	3.84555765088561	64.9179498199003	15.9194780132756	2	0.895123378946604	253.429780215166	0.114777166721818	104	1	
5420	indent-intent	0.000111370078079709	97.9381376733435	-96.2520343033002	1.9322028818351	1.99817415886983	82.245817962294	19.3550187678668	2	0.872002039914757	374.616751504475	-0.0853291296333871	97	1	
5420	kata-katta	0.338313236700064	82.5326514007803	-37.1125649488947	6.31047621621625	1.40490742010992	72.202618967218	36.6495858789737	2	0.314156507445349	1343.19214510027	0	102	3	refit with mean for all param
5420	reason-risen	2.82641290349671	99.985668494733	-69.1280833179223	6.22562237691846	4.90152062079188	3.40583459591986	25.905028807408	2	0.834307486994116	671.070517512641	0	98	3	refit with mean for all params, to better estimate theta
5420	toru-tooru	10.4253398280436	62.5923873290366	-528.702133476986	5.70222336947196	3.42645361412757	77.0411954300158	37.9975020467457	2	0.55357864580759	1443.81016179244	-0.148823396701221	100	1	
5426	indent-intent	6.26186519388606	85.2550408503691	-38.9517052461089	4.52312035068813	2.88210603781942	87.7821307181974	18.1185288125267	2	0.865365217237632	328.281086330362	-0.0266308209799903	99	1	
5426	kata-katta	6.1828572522764	84.4861305895058	-5.34301284340022	4.54353339578974	4.5738777364784	86.6047446593036	17.2765316726739	2	0.509363331022654	298.478546636905	-0.0556107758670942	96	1	
5426	reason-risen	17.9226724574255	78.0351811055017	-22.5478800672492	3.46130107505991	3.62680058987738	66.7724963427263	24.3476581404651	2	0.691746035687098	592.808456924957	0.0402497458004539	101	1	
5426	toru-tooru	9.77592960773281	83.3687373228423	-19.9836843598893	2.51367675204556	4.06518758462667	103.576388249328	19.6629524930673	2	0.801039828031281	386.63170074462	-0.109447663907827	93	1	
5440	indent-intent	0.792702790659562	99.5303283191218	-78.220435616582	3.95345344720783	2.88058252636269	69.527020618915	10.1216705238475	2	0.97114018421707	102.448214193324	-0.315028210842573	94	1	
5440	kata-katta	18.5118783768786	95.1716295720531	-34.9578583929821	3.40429685203451	3.93036426745683	92.1513202175303	26.9021864723594	2	0.763464907832322	723.727636993598	-0.205846649140111	101	1	
5440	reason-risen	0.00058821280289495	99.9986510638555	-47.6617041816647	4.00906606850621	3.47194099080092	85.6497047489284	18.4117000115262	2	0.915202218684167	338.990697314436	0.131290945629665	105	1	
5440	toru-tooru	1.30042326128555	95.4156462722277	-73.9305250202439	3.58835349765474	3.58296388716216	115.548697808265	17.7296119578652	2	0.917897806714244	314.339140176475	-0.00416154320652823	105	1	
5448	indent-intent	2.63946496423444	96.1357299437891	-49.7479188126012	2.52659501044748	3.03911610077915	76.5624204229189	12.2706239721883	2	0.951549257312804	150.568212666843	0.0375271691894259	104	1	
5448	kata-katta	24.0208362554042	75.0179173036367	-14.9569118738478	4.60595458169451	3.9328117735869	70.99211755241	23.30970677076	2	0.616870676291793	543.342429738812	0.120562206963771	103	1	
5448	reason-risen	2.90197240500168	99.8887099372599	-18.6894123335333	3.30178375594694	4.14287566236545	66.9279827193181	17.7599760195039	2	0.83682249482598	315.416748213352	-0.0468441304210617	102	1	
5448	toru-tooru	22.6511368903683	88.8470760550371	-23.1621815430527	4.68282419405366	3.87340745145444	81.8613807637924	15.4487286209718	2	0.854822950682843	238.663216004433	0.0289932976908837	104	1	
5456	indent-intent	6.48187673145638	91.4853897053618	-81.0326696769974	2.61813611904634	3.07344648276028	79.9864931671551	16.1568729936795	2	0.918636720530255	261.044544933891	-0.1297796393681	104	1	
5456	kata-katta	37.9354492981047	62.5119980967397	-80.5225956148583	3.58501708993048	3.135554302056	87.5480809909271	28.768541936776	2	0.374286252483859	827.62900516804	-0.0573268210236302	104	1	
5456	reason-risen	10.3292643015429	91.0917866042928	-73.757249159461	4.04609316538653	4.05842898055861	85.3775852181591	19.1343648361731	2	0.887060672291181	366.123917683778	-0.216862816538188	102	1	
5456	toru-tooru	3.84013704443238	96.7622577017622	-42.0002228478773	3.36022531353132	3.7531569378062	83.0589328558241	21.4389710343047	2	0.871906505144163	459.629479009757	-0.073167033096443	103	1	
5458	indent-intent	7.97704562785971	95.2894287908667	-52.2355448856852	2.22572938061537	2.76484953103688	73.9034718345419	13.3975019534666	2	0.932441181348537	179.493058593142	0.06448704390737	103	1	
5458	kata-katta	22.9315653446913	76.4454575529312	-18.805609218523	3.11887657775564	3.73772948931325	88.9482133012558	15.5689507446415	2	0.799123245018867	242.392227289072	0.14221048075671	103	1	
5458	reason-risen	1.63278645837206e-06	95.4300645588469	-31.0580221027502	3.87306710073232	3.76598861302535	80.2804219524592	14.2994273485631	2	0.932449884760197	204.473622496835	-0.0586756673042548	102	1	
5458	toru-tooru	2.67638251036061	91.5450381311493	-36.0614762292657	2.40061628690404	3.20430499979672	101.72642651399	16.3958349679728	2	0.900740482746906	268.823404297	-0.0532340746634603	104	1	
5465	indent-intent	10.1492454966649	75.7122664851637	-14.6227161839579	4.23508251640166	2.50158828108298	52.8156757811676	20.6914739112178	2	0.59422948387994	428.137092618607	-0.0251312435822676	104	1	
5465	kata-katta	35.983570938447	51.909609754622	-140.343314603923	1.67698450622738	2.53911246326056	143.926077281749	25.1223176696856	2	0.297468582976476	631.130845096597	0	102	3	refit with mean for all params
5465	reason-risen	48.1497557969206	54.5933298464316	-22.1044400485211	4.95392177495077	4.82352283389634	0.0116858115338232	14.1377746834888	2	0.180823499599821	199.876673001098	-0.00343954732430168	94	-1	
5465	toru-tooru	47.3727128543027	68.5326866559133	-408.570826150892	4.9642510109082	4.00680018994588	78.4369409607062	27.5592637117962	2	0.3540851528925	759.513016336326	0.0347358223869876	99	1	
5541	indent-intent	0.928806566127465	99.9217145999646	-194.317438986444	4.02971687389782	3.09366363928089	82.3713164513225	9.98790316628136	2	0.976289022038801	99.7582096590131	-0.223758518882049	97	1	
5541	kata-katta	40.4243383031246	74.8157796277947	-131.95102218576	3.30247640043666	2.02921899245341	10.6575025546647	9.47475534071692	2	0.478142563075226	89.7709887664438	-0.00491510571715822	95	1	
5541	reason-risen	1.22599356707775e-05	92.2963145564283	-12.2112153155581	1.00004662004714	4.99999789500273	69.9346498725046	32.0183232985113	2	0.48360571113916	1025.17302684799	0	98	3	refit with mean b2, mean slope, mean theta, and original for all other params
5541	toru-tooru	5.56169846240221	91.7557617622878	-30.5772197758768	4.51716936901478	3.59616812537326	94.0840858883845	22.7470091505305	2	0.824476008073751	517.426425294319	-0.0696610862849762	101	1	
5549	indent-intent	3.34235826367564	96.2871137481914	-51.1521802102332	3.49670740407971	2.84809462296375	62.4970567914287	26.382630306758	2	0.805545180005622	696.043181903064	0.156474420679958	99	1	
5549	kata-katta	43.1207211473071	51.303780714285	45.5740831021236	6.57870335706018	3.99303193415599	0.0380006450375845	16.7421913067909	2	0.189744489340924	280.300969753186	-0.0916505943449315	103	-1	
5549	reason-risen	29.2548852538644	80.2983841804332	-989.457855198607	2.77734994106617	2.7208650045586	10.2234586829747	28.9421232387001	2	0.645852341929801	837.646497564107	0	105	3	refit with mean for all params, to better estimate theta
5549	toru-tooru	2.42863958682502	96.4134769000009	-77.220441667217	5.67504982145682	3.67797238612301	96.5722432465874	19.4902061015314	2	0.909805023712922	379.86813388017	0.0636224046264837	102	1	
5552	indent-intent	17.8554192160527	80.7126081445076	-153.712159328677	1.7036498529707	2.96981243230475	83.1032335344798	14.8729324171833	2	0.887478099689039	221.2041186861	-0.115634504552538	103	1	
5552	kata-katta	40.2016969597133	53.7375778750532	-9.80821972199118	2.13238773736814	4.48230740760922	84.7549645453842	13.1552385561695	2	0.413320060102561	173.06030146973	0.0281720689355801	104	1	
5552	reason-risen	20.1840059080178	80.7986220058456	-20.0353345976822	3.98580292738403	3.20182615038382	75.3255186185099	15.1929898897207	2	0.822044571531734	230.826941789157	0.059872353484235	102	1	
5552	toru-tooru	17.1989192518217	68.2930182640498	-32.3435093458868	4.44508122676731	3.64717421478124	92.5779788891121	21.8566888269354	2	0.715514351422805	477.714846477483	-0.0537127006934327	101	1	
5565	indent-intent	0.000103925968837293	96.9577956407875	-117.245844314772	3.81556186717047	3.27571547985678	71.7459001211664	17.2068615336909	2	0.935487261201867	296.076083839611	-0.0349393762021752	92	1	
5565	kata-katta	17.7293533681173	76.8087984979697	-26.6613413038682	2.86585747488567	3.26576925542723	99.3620560173013	42.6034761966785	2	0.479220627623083	1815.05618404095	-0.051652599476207	94	1	
5565	reason-risen	11.6074613832255	91.3293016384773	-311.864658327612	4.01089301056287	4.81450984044842	86.255953290835	31.2266321884407	2	0.765249768843868	975.102557832163	-0.0612752187932669	95	1	
5565	toru-tooru	4.27574600802364	89.1916653021467	-353.920995543709	4.12492034380842	3.72492275556165	83.3710916862064	25.6380285254333	2	0.848676678032411	657.308506670931	-0.00103660415175174	101	1	
5569	indent-intent	3.75113707196449	94.2534987338121	-43.0638328400096	2.10814568943018	3.19741750306102	78.7875497362495	9.66879958580498	2	0.966753886829604	93.4856854304625	0.235577279827952	92	1	
5569	kata-katta	8.00382645633124	83.7348224443504	-9.90229738304304	4.86713332499898	2.98044617725784	100.174414891768	14.9267609213377	2	0.742484146031491	222.808191602775	0.0296683104521904	105	1	
5569	reason-risen	0.00152378617322452	85.638182663716	-28.9561019288958	1.95174924412997	3.14654894744681	55.5476501357591	17.9952298587118	2	0.861480382303719	323.828297667872	-0.0784182397832009	105	1	
5569	toru-tooru	8.18643188623125e-05	93.8140999095439	-37.4065399900246	3.98789872222277	3.48173757727303	89.8072218947948	16.0792636740176	2	0.918988800680646	258.542720298582	-0.0336564098069323	103	1	
5570	indent-intent	6.63046339716439	93.3137432373138	-80.0137385752824	2.72664562802474	2.87791194618703	76.3767221763665	12.2156566087962	2	0.948236385123112	149.222266384026	-0.212003264823353	98	1	
5570	kata-katta	4.50077770603105	89.4602125083673	-7.02773761126515	1.04186786130878	4.99336126431981	111.408399382357	23.0390690157628	2	0.486356980469454	530.798701113082	-0.0729458542039172	102	1	
5570	reason-risen	1.12908152440609	83.0517354569184	-21.50876590654	3.77494318966126	3.76642987475943	82.1599759994885	17.5637121309757	2	0.851878468885705	308.483983819783	0.0364000503768369	93	1	
5570	toru-tooru	16.6790146230394	75.7817420195691	-17.3950025455295	3.42427379316256	3.9165258031528	92.4577955630359	17.731454758081	2	0.773635638629035	314.404487837872	-0.0567291276050238	98	1	
5585	indent-intent	11.176001011184	88.5811919538249	-49.8158617149326	4.22486817656832	3.13421507997171	74.2443635972737	13.9746276215003	2	0.91922446737223	195.290217159599	-0.0583026593754606	103	1	
5585	kata-katta	6.00370757827909	81.020185415298	-20.7349096912413	3.91856914053192	2.29715396155349	69.3639274751404	18.4930582788082	2	0.734220965292242	341.993204503398	0.0753055191565998	105	1	
5585	reason-risen	8.77034217949533	91.7376657126813	-22.4451960751962	3.10087423285187	3.95071690547418	76.808954398427	14.5197378097899	2	0.893320724909625	210.822786065041	0.0457642511100038	101	1	
5585	toru-tooru	6.23012005167519	77.9147338818207	-13.5669482372977	2.69318275972328	3.24083605396791	108.708657814265	22.5408396677473	2	0.663495459774608	508.089452927089	0.040902141614754	103	1	
5592	indent-intent	18.2240274717869	86.5097986252927	-85.9993078254734	3.51796751787156	3.24332751501493	69.5228148318793	11.3184341589565	2	0.940067363690695	128.106951810634	-0.179937878150957	103	1	
5592	kata-katta	0.000131313295984481	75.8928424648987	-11.7017125239514	5.23490087350764	2.05273263473368	100.312670271582	18.6395413853163	2	0.662505866078609	347.43250305492	0.098621467130667	105	1	
5592	reason-risen	34.9193300375685	71.410635236516	-67.8853106360654	1.00001346953547	4.9999999911405	88.0007723677224	11.0322373330412	2	0.823212814802941	121.710260572548	-0.108955073151678	104	1	
5592	toru-tooru	9.79238094896417e-05	99.6172178799458	-13.6055108098319	3.91864609998827	3.81549897615381	97.7622622025005	17.4608163689396	2	0.803395320929233	304.880108269829	0.0268297754002349	102	1	
5599	indent-intent	2.00421177343318	97.4875957158325	-95.7925635539241	2.54254224270608	3.30905887843516	83.5175473314221	15.1031384109777	2	0.944636307235361	228.10478986115	-0.356812372914542	105	1	
5599	kata-katta	45.6421490820985	53.2333032009319	-75.3455474820937	4.07149376098819	2.40846307931398	9.44742499810542	6.0127683509689	2	0.283612824509545	36.1533832424133	0	103	3	refit with mean B1, mean B2, mean slope, mean theta, and original x1m and x2m
5599	reason-risen	42.6105044814587	67.4324034102628	-3.68750894592799	1.00134518498977	4.99987493403921	59.2535902022594	10.5435521399382	2	0.381782178386119	111.166491727596	-0.0980916619735523	105	1	
5599	toru-tooru	50.9536126645519	54.9362538124478	-16.4840068771756	1.2798800366435	3.45104582648189	137.174175450459	5.41826508673854	2	0.327790846584951	29.3575965501698	-0.278075865003932	103	1	
5600	indent-intent	2.03118316809893	88.1783423548219	-159.114687488674	2.97532699364435	3.04855045793396	81.2732537317893	25.0722427905508	2	0.842581876554994	628.617358548329	-0.149094580530516	104	1	
5600	kata-katta	7.20075475576796	74.1188432543376	-24.0055346560741	2.54826108637654	3.23894011064327	103.59857367605	20.6229540904492	2	0.768968953573913	425.306235416774	0.136867608915836	104	1	
5600	reason-risen	4.3405339330449e-05	99.9995725392202	-45.7678575800961	1.9288921224504	3.56965983297626	85.4029613647279	17.1696842085006	2	0.925681751224376	294.798055819633	-0.0116354812518776	105	1	
5600	toru-tooru	0.000250232211567447	93.2465250684405	-44.743755554237	3.81838689225314	3.42580469867465	91.261891586477	16.0834981501162	2	0.92381010024242	258.67891274479	-0.191119596103959	105	1	
5608	indent-intent	17.1835457384587	80.6318132060002	-26.3738838796798	2.77941453001514	2.66719867151273	85.9639973211228	14.8010559674076	2	0.843547112250377	219.071257750331	0.0114194091527394	95	1	
5608	kata-katta	11.3753541702888	76.9494148113449	-4.13756644605714	1.00246716509762	4.99953240944325	112.291253653442	23.1239066564482	2	0.315100981138382	534.715059056128	-0.0639522463576048	102	1	
5608	reason-risen	13.8215859296595	80.4649529580945	-18.8334724890093	1.00162925885641	4.99999721396396	93.9190175643756	15.9426233764866	2	0.818743232610359	254.167240124497	0.0501018296333471	103	1	
5608	toru-tooru	21.8930430921468	77.2511610276708	-19.6883299821244	2.56042019408452	4.44595403068944	103.751843753029	17.8045638079462	2	0.76778605217002	317.002492391226	-0.149541531312702	101	1	
5613	indent-intent	9.46081702398836	91.6831759930647	-104.023937454676	2.46124065178805	3.12286403186193	77.0903759102206	16.8953142472835	2	0.91103719457799	285.45164351446	0.0218497822864625	100	1	
5613	kata-katta	8.84599660721572	90.0105640125576	-24.677366190212	3.7415364144761	2.71944695335634	81.9490922104965	20.8848173459887	2	0.784711342533971	436.175595575309	-0.17590697492418	100	1	
5613	reason-risen	12.4038320118219	95.0759752383803	-36.4047310031022	3.95159102102358	3.69888637851098	13.3729117936649	22.5708824818575	2	0.797712465213384	509.444736009821	0	100	3	refit with mean for all params, to better estimate theta
5613	toru-tooru	8.77958544497923	88.6054432391794	-83.8746741691304	3.05316014457169	3.3317487862696	92.1979665730743	15.9279445606706	2	0.917098849162053	253.699417927796	-0.0916844280461145	100	1	
5617	indent-intent	13.1176603164658	88.7685334116125	-62.8848099964441	4.41834269916707	3.7846162673602	79.1292008469591	15.0829275399324	2	0.915049864644185	227.494703174852	0.0652626804253543	98	1	
5617	kata-katta	12.9114709247583	97.994454087462	-20.5982642022609	5.4117874811284	3.36524314624612	94.8203181876462	18.5258709101896	2	0.831467037953412	343.20789298101	-0.0747603960677123	99	1	
5617	reason-risen	15.4757177938809	89.199596879473	-740.855187514075	5.57683344065308	4.30163927180577	8.52779403847657	13.01031002242	2	0.942009102821837	169.268166879482	0	102	3	refit with mean for all params, to better estimate theta
5617	toru-tooru	14.6833674704787	93.9530858143768	-50.2977134699636	3.94069333392224	3.88595713760952	103.480130935189	17.7650748994285	2	0.890615504175099	315.597886182305	0.0453974137346238	97	1	
5627	indent-intent	3.55792282297592	99.8873093537075	-102.078648556644	2.32562456270263	3.68892679733445	81.778572999795	14.5018617997837	2	0.951277421346179	210.303995660025	-0.090432719252197	99	1	
5627	kata-katta	0.000285621112405876	96.7001214292366	-44.9813816189982	2.30846517872886	4.87266121011952	111.80962451982	21.6601989932831	2	0.876524127373396	469.164220428624	-0.0738474619345442	103	1	
5627	reason-risen	1.5011460352155	99.9858350102095	-37.7997392261939	2.92679947316455	3.64223832455399	56.4696292972207	26.4315806076759	2	0.814408350328068	698.628453420071	-0.043276203895901	100	1	
5627	toru-tooru	1.65180719450091	95.4338779246482	-121.17410239422	4.90326834836072	3.30635249658367	98.4295365599863	17.553886268488	2	0.926222158601828	308.138923127011	0.20304407399703	103	1	
5660	indent-intent	4.9563268323029	92.8296999691922	-314.471272572647	3.89896719709051	4.04295548784907	88.4928421338723	27.0461575012954	2	0.83760323740134	731.494635584879	-0.0901325251733295	99	1	
5660	kata-katta	19.1242354890518	70.7543530251378	-729.786158058811	6.91582159079122	1.0138428321601	117.346385980209	42.0202241989061	2	0.354968251705089	1765.69924172633	0	103	3	refit with mean for all params
5660	reason-risen	5.14824129936467	99.9960803621317	-11.1581346886861	5.5015508057502	4.9995641757346	28.8614701561545	42.1689082473888	2	0.310659118133708	1778.21682277669	0	103	3	refit with mean slope and original for all other params
5660	toru-tooru	0.522072109371656	97.3949469211233	-75.0579910520188	3.532822533965	2.9138669367937	77.6871546444072	21.2803677106653	2	0.885484883138356	452.854049901126	0.057038309587455	100	1	
5695	indent-intent	39.6192219430546	71.4094347053817	-529.668766862083	4.77431177965599	3.08184650316192	52.9424936826814	21.701547364216	2	0.555954324179335	470.957158001308	-0.0914994299255905	97	1	
5695	kata-katta	17.3061343133277	86.9087814308656	-4.24196471516974	2.73992241953069	4.99511996390562	97.3559367813838	20.410211678458	2	0.366220479011007	416.576740759462	0.0161179397993909	99	1	
5695	reason-risen	14.6880821614346	98.3792528167512	29.5540452172808	3.913065928771	3.01641642238999	167.998034395162	34.554324728273	2	0.595037916317454	1194.00135742694	-0.024085285879828	103	1	
5695	toru-tooru	16.0696064312751	60.9732937570128	-12.3803243904812	1.00002181368693	4.99999976368764	97.8314305368026	17.9974743149476	2	0.644423228363047	323.909081717199	0	100	3	refit with mean slope and mean theta, original for all other params
5707	indent-intent	5.80993497640847e-05	99.90220224027	-89.2892311028821	4.41236414121447	2.987310113155	72.7449814241357	18.4699629022868	2	0.921771244593248	341.139529611849	-0.264314512045816	95	1	
5707	kata-katta	21.9821143541208	45.7844776062522	-373.0219676487	3.3397282426138	3.5956134988299	38.6034936768243	42.8198175326701	2	0.259001587655502	1833.53677353116	0.0290814302718585	101	1	
5707	reason-risen	7.39002267946542e-06	98.9056443156563	-47.8158540121281	4.02549636062708	3.39320623332609	84.1213794131726	26.1394051177882	2	0.845379479759375	683.268499911853	-0.309278297999001	91	1	
5707	toru-tooru	5.86670680677816	94.3396702216276	-76.6628604306919	2.1300341702266	4.34195034572759	73.6490077273024	28.6018704297076	2	0.805632335876794	818.066992077782	-0.165937313252885	105	1	
5710	indent-intent	2.52518621223215	98.1015569330703	-141.188309136709	3.27417682715179	3.24891665314691	75.9367433832687	11.5618391360517	2	0.967301361193717	133.676124207937	-0.432310722483532	104	1	
5710	kata-katta	0.000119497654014755	76.7718723429256	-10.4241932721385	3.7051835203843	3.230677151354	106.670163055556	29.8630658758214	2	0.504645253403843	891.802703503648	-0.206155384445765	105	1	
5710	reason-risen	1.21086918325464e-07	98.3260245782929	-27.9706862372574	1.00000091578306	4.99999999673808	94.6371049104797	23.0276206721077	2	0.827080470208962	530.27131381848	0.0606302876955868	102	1	
5710	toru-tooru	4.48670264484326	98.632372544839	-72.1645662877579	2.35519699412033	3.92055439886173	86.8799511070752	19.5076396796816	2	0.907639247545926	380.548005872288	0.136416665550929	103	1	
5717	indent-intent	1.32323860865405	99.1933917862358	-153.772331660294	4.14761789689694	2.71037374980065	88.6966301135912	12.4599000286319	2	0.959450389637136	155.249108723502	-0.193621159561958	95	1	
5717	kata-katta	19.0296520093494	65.1255387060087	-11.1713492069651	4.26273035913225	2.54743551224003	83.6102672731018	10.8898487191413	2	0.77262781465515	118.588805125784	-0.0990273677510008	99	1	
5717	reason-risen	8.94947127184115	95.2149723384899	-64.5638110567308	2.97901837947403	3.61466558937308	69.7312642832413	18.4324057088872	2	0.902287378180084	339.753580217017	-0.118608390280046	101	1	
5717	toru-tooru	2.54847499916719	92.6847648446049	-44.7172257884048	3.17640692350066	2.90408068329479	89.865804121434	18.7010947438452	2	0.884515364182371	349.730944618276	0.0781245632633754	98	1	
5724	indent-intent	12.4497144308039	81.8714019104223	-35.4521317200725	6.00421734333508	2.86158850077214	73.1403975012519	15.075089012609	2	0.867952326672211	227.258308738084	0.0418828078039616	99	1	
5724	kata-katta	24.5729206716039	27.4294890728077	7.73085308899105	4.24336287953989	3.09947432553276	0.0783176161416179	7.17649902363459	2	0.154378659159876	51.5021382362282	-0.0176800747443812	103	1	
5724	reason-risen	10.1367651390782	98.3819482719079	-13.6099236653185	2.22223740347257	4.5808797842322	79.4293459917519	14.6795618191138	2	0.825705185324738	215.489535201184	0.0726163662590428	104	1	
5724	toru-tooru	34.2994837074265	67.0496387521249	-7.88697828896246	1.00042962017034	4.99998979586977	98.5427000144323	10.4753078166901	2	0.708026260898587	109.732073854409	-0.0502304856017912	105	1	
5727	indent-intent	5.71579068603285	97.8222353922925	-363.197110387351	4.47551150360354	3.35072299596397	73.9449775560362	14.9199189285548	2	0.947246827627821	222.603980834647	-0.0590771273416548	101	1	
5727	kata-katta	2.58663808886051	98.6234729841858	-42.3542356307547	4.88597849546411	3.94829875853519	92.9285029997857	19.2157436853132	2	0.900129010967993	369.244805379655	-0.0722373891372169	101	1	
5727	reason-risen	1.24975436498018	99.2212625624897	-63.0830925925922	4.14801143634937	4.77742862015234	95.4354852753718	13.477496315306	2	0.953274378047578	181.642906929086	-0.150835429286425	103	1	
5727	toru-tooru	4.66260767581765	93.4105126769181	-108.185850535701	3.6954144104379	2.5600594245122	106.983727342595	18.1376153358575	2	0.902172478235774	328.973090071534	0.132037795282523	103	1	
5730	indent-intent	1.24563701860223	88.5335679391408	-51.0553276900987	3.70054897443324	3.38275166900782	80.769394177021	12.5184836964354	2	0.947866271890592	156.71243405792	-0.0347856054866679	103	1	
5730	kata-katta	75.8332570942009	86.0968809801832	168.356524065907	2.65513732360912	4.19154084192425	26.4152967263339	12.2489246858712	2	0.257590073154595	150.036155960145	-0.0265615527198911	105	1	
5730	reason-risen	4.70886376378926	26.0829436273512	-90.3846073863155	3.9042310805097	4.14545272355473	61.4740395180063	15.1207268232395	2	0.572951455102034	228.636379663036	0	105	3	refit with mean slope, mean theta, and original for all other params
5730	toru-tooru	2.77103869228268	99.9921461581094	-51.7145318176571	4.51860954898508	3.94219202090454	87.1220329328271	13.0692655044871	2	0.954855413888671	170.805700826777	-0.149561034103829	103	1	
5737	indent-intent	8.77686175289493	98.0528871242509	-72.9141248662909	3.66189187351547	2.6051602842614	80.3809179684323	10.299298225736	2	0.961209716420902	106.075543942649	-0.164780717438099	105	1	
5737	kata-katta	31.9387066505033	87.1959427358811	17.3680890739374	3.64161385533251	3.91062256960288	179.899999999933	24.4444371797306	2	0.572734911861057	597.530509033796	0.222633887554921	89	1	
5737	reason-risen	4.70153552965019	99.9988621127217	-36.8546158688354	4.73458680586926	4.97138533784341	87.2186669805678	13.4362818781009	2	0.935520689699451	180.533670707782	-0.226675831884626	100	1	
5737	toru-tooru	6.06799652006029	97.8210621211639	-21.9935757988155	2.97048312148348	4.41445605825544	87.7057217366435	18.3273628639122	2	0.853748916671373	335.892229545508	0.0749733928329673	103	1	
5768	indent-intent	1.28143885199055	99.9962068496857	-56.6673210278374	2.93666950012665	4.18012348129837	94.4955497841736	17.5109364166472	2	0.925381928488694	306.632894187861	0.301879304710234	105	1	
5768	kata-katta	1.84168280359387e-06	85.8811317188682	-22.7706376050488	4.57126292635371	2.90837183946501	82.4706282994843	22.0892076782289	2	0.787582704546393	487.933095851928	-0.0627334327843257	105	1	
5768	reason-risen	15.3077225299547	94.7313548663436	-21.2610599914476	4.21393725999472	3.29074061297491	67.3164535564055	25.2365298979033	2	0.720717318122123	636.882441287767	0.00523445698384399	101	1	
5768	toru-tooru	9.20967140299878e-06	92.0486586252122	-30.4892064919705	3.55600573077791	4.46816619467037	99.0235410569791	18.9031329963209	2	0.881538312729029	357.328437076595	-0.110152904261168	104	1	
5787	indent-intent	0.000667296558466701	99.3748810886023	-78.8859976210456	4.20899095623369	4.0769455443675	88.2009112956102	15.8572125458413	2	0.942543385263878	251.451189723986	0.214851891340594	103	1	
5787	kata-katta	12.7776190692445	80.0613788163822	-29.8089086825347	4.26309564662098	4.50773700000553	97.0795734178928	24.8131072234411	2	0.742441341484994	615.690290081984	-0.017011056455591	105	1	
5787	reason-risen	2.00169430094015	99.9867365162546	-48.2208578147892	4.03293889428764	4.79781077149522	85.2995900390718	17.9678372758485	2	0.91101967602131	322.84317637137	-0.209971528531695	105	1	
5787	toru-tooru	8.88498649820738	95.5642249642372	-58.9315435987346	4.05159947056154	4.47110057893328	92.5693425442044	16.8230294511742	2	0.915504023418008	283.014319915074	0.144762663180624	104	1	
5816	indent-intent	5.07782448402185	93.3189136452104	-579.713455752026	4.15706780397826	3.301501147127	80.418644015758	7.85821459089918	2	0.983530673794455	61.7515365566208	-0.275320685861731	103	1	
5816	kata-katta	49.643986217722	63.0035172414385	147.628362549068	4.67846384029709	1.84297739900204	71.7230641019637	7.54034003049961	2	0.447039149957963	56.8567277755549	-0.0514307131556024	105	1	
5816	reason-risen	22.104298319298	76.2523397396318	-24.3754552737801	4.79165037683534	3.19712265199515	70.0935415853174	15.8997099260278	2	0.79967688859388	252.800775731828	0.0189700116311208	105	1	
5816	toru-tooru	9.00710280133547	82.0436034082837	-13.5842124042488	1.4418468474149	2.95147347031324	100.352866905623	17.5679888727693	2	0.752378225590245	308.634233033747	-0.079323502724677	104	1	
5837	indent-intent	8.64762263240204	87.5193342262851	-47.0687085031345	4.12293976642517	3.15722586257636	79.6414862480863	17.4494931672597	2	0.884513227230032	304.484811794241	-0.277182171848466	100	1	
5837	kata-katta	2.35791926628628	97.9295529131572	-17.9028930894303	1.06239380616031	4.99495858082897	110.56609784848	21.5957268743683	2	0.777542291032305	466.375419232311	0.0204404530235402	102	1	
5837	reason-risen	7.35159057040916	91.3292392245695	-54.7397467550672	6.20610563990502	4.30986871477171	20.529954423823	19.0677692226508	2	0.874259253335366	363.579823128268	0	101	3	refit with mean for all params, to better estimate theta
5837	toru-tooru	15.5191118927596	94.0281168091104	-87.4488352295516	4.3004431858671	4.0937069250157	84.5914773910559	18.5432693333485	2	0.891196243489904	343.852837569104	-0.084784175419364	105	1	
5838	indent-intent	1.34262179400517	99.4720294257751	-339.418915721899	3.89395539369258	3.90266997901318	87.1942281226252	17.0733820663416	2	0.938618517142733	291.500375183275	-0.311321766367489	103	1	
5838	kata-katta	11.6378864932191	68.0090423520156	-206.414811359103	4.65167589210811	3.06805011710799	90.9589915049573	37.4202416230721	2	0.570439264325544	1400.2744831291	-0.132612458601209	99	1	
5838	reason-risen	1.63967264727062	98.7678812863751	-62.565113105404	4.19772514706355	4.56287555021995	82.3075351428925	22.5729908396937	2	0.878638889650124	509.539915448894	-0.0712841336882187	98	1	
5838	toru-tooru	4.94581200229938e-05	94.6848653444697	-117.020642778417	5.98681773048899	3.46266143823599	97.4190143156276	22.0082080386701	2	0.896132138158774	484.361221073382	0.0182287221237798	105	1	
5847	indent-intent	7.00795535573731	55.7604846462834	-14.1953296702655	4.15371641836127	1.84284091639363	74.46170965718	20.9263480678645	2	0.461676688938939	437.912043457418	-0.129186949902595	104	1	
5847	kata-katta	6.65695465606036	51.7728142798674	-6.60356949099249	6.39646008130861	2.45581400787934	77.4366025996536	18.3774006254777	2	0.46269783431135	337.72885374931	-0.143942632580247	104	1	
5847	reason-risen	36.0578543360379	55.4713333920392	-237.478637487144	4.74175953969147	2.35369835761512	63.4889994711458	24.2022120405058	2	0.286389556116261	585.747067653602	-0.0266360121002898	102	1	
5847	toru-tooru	15.7583539246944	79.7286096205031	-67.8080825911719	3.85904828495653	4.44272037401609	104.137775662441	13.323965850504	2	0.912456450160678	177.528065985397	-0.0418016559273793	101	1	
5858	indent-intent	16.0992871322995	91.2735932266784	-146.173673539178	3.98336081526636	3.27980968557756	78.1305995413261	12.4695277827296	2	0.943578189668894	155.489123124265	-0.106881022297263	99	1	
5858	kata-katta	40.3407598493055	50.1123446508169	-74.256671316733	1.00000370187344	4.84330700197358	179.51840159054	31.3261851544	2	0.0817886114083033	981.329876327748	0	97	-1	refit with mean slope and mean theta, and original for all other params
5858	reason-risen	13.9105684495446	85.2557199417009	-64.5395579188476	3.95428837349631	3.91837854180248	79.9418551663441	13.6281862293449	2	0.92299623884721	185.727459901706	-0.0882855804968361	92	1	
5858	toru-tooru	14.2588451715138	82.8519076097283	-14.0426479629199	1.00000789159665	4.99999933959851	109.280252224461	29.6832719238988	2	0.561061801653808	881.096632108121	-0.145633973506456	102	1	
5861	indent-intent	31.7200371807168	71.2181519493655	-9.03730960342637	3.8609535839869	3.54679803290117	74.8252539299311	8.36068194779838	2	0.833823768229142	69.9010026322417	-0.0529207897897446	103	1	
5861	kata-katta	42.212095790882	53.1971493947045	-74.3074843369318	3.77662752451499	3.00663216102246	89.565658343655	4.63707382747651	2	0.722960020632091	21.5024536814677	0	103	3	refit with mean for all params
5861	reason-risen	13.951753411156	74.8807688737727	-11.5802079501493	3.58540537535486	3.80145414475141	79.8245600475098	11.1822653027641	2	0.851546110841801	125.043057301402	-0.140929130027721	98	1	
5861	toru-tooru	42.9870901025444	54.3442418649306	-73.3887664296207	4.19432989244966	3.03778106158223	90.4414587746971	5.11383152853943	2	0.712910228208246	26.1512729022839	0	104	3	refit with mean slope and original for all other params
5873	indent-intent	9.87936414069757	74.3213389066054	-27.1600274779886	3.35456850024897	2.74230584378202	75.8229660754703	16.16438378577	2	0.820194612588759	261.287303173663	-0.129544811026489	98	1	
5873	kata-katta	32.7235358097025	75.4818278406029	-28.5223212634481	3.96921735940789	3.26440737336087	92.769269844505	10.7217405312463	2	0.865189992657286	114.955720019369	-0.173804135171725	103	1	
5873	reason-risen	10.0005495783124	87.0777575928371	-16.966731760895	2.90039754019809	3.25262271386748	57.8300927778484	15.737212009686	2	0.820076739708796	247.659841837807	-0.169070482775248	102	1	
5873	toru-tooru	20.9156204184285	74.3246448929702	-166.301131987274	3.36360747408071	3.89453770969505	87.6078634168386	15.8700865931522	2	0.845198153510888	251.859648474151	-0.0678940416268255	103	1	
5885	indent-intent	47.7816647757249	71.6408437598505	-503.742665087056	5.40874234754989	3.25483172285586	31.3624292578282	25.2073191968545	2	0.36428824160096	635.408941092111	-0.237354621970012	104	1	
5885	kata-katta	7.99261694528563	42.5785261596376	-55.2128621771871	1.33593589769286	1.21889852679817	11.0129829592276	27.1688228833365	2	0.177627988832367	738.144936866107	-0.00904528798892806	103	1	
5885	reason-risen	55.0825905968091	84.7224113567997	30.7204290546811	3.79303200606674	3.40535085517035	160.733025692541	28.0855681961647	2	0.396495530498874	788.799140901418	-0.0317066224376185	105	1	
5885	toru-tooru	4.08842430470106	93.8775933543293	-39.8830629507816	6.23747768079046	4.05738485490696	103.611348295673	27.4749606276745	2	0.800196287357351	754.873461492261	0.0461758025962209	104	1	
5904	indent-intent	6.42703944841742	98.0893972810097	-47.6269104386775	3.10291759710749	2.81174207812071	87.466081754246	20.3125819131955	2	0.868420160529162	412.600983980276	0.110282973142701	100	1	
5904	kata-katta	49.7888642273532	49.966640885856	-73.6545931210975	4.01592613999467	3.04895970847567	95.0576349490671	0.65659244776693	2	0.130367626983499	0.431113642464568	0	98	3	refit with mean slope and original for all other params
5904	reason-risen	0.405090070559	92.8893911651551	-82.4793772498384	5.73903314737506	3.18264651450293	77.3669440250191	17.6041225340104	2	0.917536290948168	309.905130192453	0.0833629810587367	104	1	
5904	toru-tooru	5.3983943145413	89.9762987857327	-41.8087036913211	3.03113435736975	4.23275854047403	97.2804123425134	21.9263232702258	2	0.85150077543213	480.763652150447	0.0402739092564096	102	1	
5966	indent-intent	9.96145840488325	98.6233287510628	-345.187076279904	3.69305261429382	3.10654707495584	65.576080977234	13.4043350751557	2	0.952114492865504	179.67619880705	-0.100477757500965	105	1	
5966	kata-katta	4.51251083424655	86.1526625278411	-36.5982031120274	3.94300691607415	4.21788491179339	86.4286335141689	25.1785546016144	2	0.798714113165095	633.959611826476	-0.281464051869243	104	1	
5966	reason-risen	39.1934781566498	56.3634343148606	329.849466294192	6.57324128146429	4.25035054049913	11.5208429089495	20.5765048356152	2	0.363337718698431	423.392551250096	-0.100044290120468	101	1	
5966	toru-tooru	10.2018040558988	93.7261201812169	-673.435384484802	2.90812938457082	4.9167209319382	106.172852045555	18.1336102486659	2	0.914380012245537	328.827820650522	0.237304673906379	102	1	
5991	indent-intent	22.4826836779557	66.3014035752371	-89.1073408882051	3.06836189851741	2.61906090205461	69.6957376785529	16.70019258912	2	0.746724647093171	278.896432513697	-0.108566327828996	103	1	
5991	kata-katta	21.4365891886684	59.6818257389311	-15.9318033092567	1.01748482145295	4.74986440175479	103.925361386088	15.2255434420649	2	0.70707136171624	231.817173106206	0	103	3	refit with mean for all params
5991	reason-risen	26.982988292316	81.3903291439173	-31.8533473603716	1.3718102279798	2.46717413381293	7.32144642700203	13.7112152021316	2	0.846567299557559	187.997422319166	0	101	3	refit with mean for all params, to better estimate theta
5991	toru-tooru	18.7629566938479	79.1687538260427	-25.8255738525817	3.00935553323683	4.06102109532935	94.2349695286076	17.8913669051812	2	0.809901770648822	320.101009735814	0.0765698179543041	103	1	
6015	indent-intent	2.36337794821578	99.9676129544908	-96.6024402682636	4.17482912755207	3.13187678418352	78.2870046070005	13.0693354687151	2	0.957287285749247	170.807529593814	-0.252393027108641	103	1	
6015	kata-katta	1.29776647893509	85.4354090736335	-20.1310965675261	1.00000470898912	4.99999933546097	113.704909113756	34.5902154972331	2	0.61088796011121	1196.48300814502	-0.134138017502908	104	1	
6015	reason-risen	1.32950480429757	94.3243396376393	-45.1332015890208	3.39207986402077	4.17154256516715	93.8840193021921	23.1629724719829	2	0.860130821151833	536.523293737837	0.00117447711426484	104	1	
6015	toru-tooru	10.4193992287515	92.2517737305471	-31.7113218592929	1.66718001697686	4.70317092807904	87.3974125187649	23.7073134930916	2	0.802043887376308	562.036713059725	0.21669250220609	98	1	
6034	indent-intent	1.11340233772372	99.9989609913896	-61.8828402932414	3.32020239416325	3.06922537335052	77.5432818925059	17.1229489937959	2	0.924318869676908	293.195382244137	-0.102716387135677	103	1	
6034	kata-katta	39.2933240339286	63.357494919009	-173.35308125959	4.38696252370142	3.22994271101233	98.725039575222	10.1337098891128	2	0.749197219005138	102.692076116702	0.0923768152012784	99	1	
6034	reason-risen	13.5505994281984	90.7736473952283	-27.1602104200034	3.96994922212234	3.85587279664801	100.129613944292	12.6700965012954	2	0.920796569295948	160.531345352138	-0.0442711237490946	99	1	
6034	toru-tooru	7.5171322335525	83.3333783813603	-21.523004612287	4.41218079016753	3.75468423886411	90.7070783900939	13.0595463028818	2	0.900704952841222	170.551749637112	-0.0181660080972408	105	1	
6045	indent-intent	1.89994020888816	97.1587498794346	-105.274010446015	2.49558128712188	3.02892001632819	71.7857671196185	19.3548055241739	2	0.911319909901001	374.608496878591	-0.0522276333529992	102	1	
6045	kata-katta	22.1864548479562	53.2949000046163	14.8610374073777	2.38740167314961	4.64672375527823	51.6314636668018	31.4638443391532	2	0.256513387836617	989.973500598464	-0.149408566780062	102	1	
6045	reason-risen	4.21436987939616e-05	99.9998187721344	-17.3776811931653	3.15460359422107	3.78976981967538	95.2196824481351	36.5208718187182	2	0.614966717216533	1333.77407839925	0.0887928498108585	99	1	
6045	toru-tooru	4.41371795143664	92.0791234076306	110.532287383169	3.3863118112647	3.3596554646515	91.4899445118993	22.1309902010783	2	0.880546870671962	489.780727280222	-0.106203866851145	101	1	
6046	indent-intent	10.5882334331646	80.8487729797427	-60.7807177913179	3.0143527601938	3.58201002838711	77.3659441024643	12.077019449074	2	0.935678940278041	145.854398773311	-0.0594095047977586	103	1	
6046	kata-katta	48.2262460200079	67.863663911267	-41.1288193309973	2.58832138074359	4.99903114803905	92.7891170274303	26.4966542076883	2	0.320216053473882	702.072684201805	-0.287289025393578	96	1	
6046	reason-risen	37.6016302393394	98.9996050249022	24.9233245592862	4.78810834840646	3.93296002776279	179.31387997374	25.0942564281444	2	0.483370867740251	629.721705681469	0.025795217364848	98	1	
6046	toru-tooru	12.3088765214212	77.2559215264834	-54.4885294455252	3.79445394458441	3.40135010258266	101.001433177412	17.7243570098514	2	0.852124917995433	314.152831412669	-0.087158711145036	104	1	
6071	indent-intent	2.16964200273133	96.6541064841959	-122.837342026637	4.06659182829317	2.87574598735338	84.4042909464482	18.9047570279394	2	0.90909353526892	357.389838285425	-0.165945864685063	105	1	
6071	kata-katta	56.7721015574427	71.28784359048	-83.3051983606648	6.99811052451529	4.67597869010851	17.2889296463974	30.8798417081485	2	0.232969957694971	953.564623920311	0.111186882666187	105	1	
6071	reason-risen	5.95918618357877	91.2494693216298	-60.1100142450204	4.22188777050033	3.79081020559794	97.6257070817493	22.6041803163468	2	0.85920373513936	510.948967773922	0.0689765111538619	104	1	
6071	toru-tooru	23.0210591070754	81.3687894727586	-20.8703041590847	2.83467447354909	4.5049001418508	123.820459996553	28.5818614142878	2	0.601274605328095	816.922801905551	-0.127835848501751	101	1	
6085	indent-intent	11.2500663438127	87.635441892226	-289.637964578077	3.87497452009334	3.53786659653034	77.9037175912038	11.5392124256562	2	0.955298746255834	133.153423404417	-0.0934871290398495	105	1	
6085	kata-katta	49.4817435615324	55.5210742100331	70.3867899302618	2.36491915641276	1.74213639128962	170.608272390322	19.0534030105889	2	0.154548262809024	363.032166283919	0.00387996455840404	102	1	
6085	reason-risen	24.6847558683772	84.1153601026194	-24.5451360254597	3.87461410189815	4.94209537237997	89.0682935546791	18.1508188291293	2	0.780799895684185	329.452224167875	0.0569218073240713	105	1	
6085	toru-tooru	23.6166149606552	88.3660681375277	-20.8864842037761	2.76062477641929	3.39997753488857	93.781251048551	16.5895369732517	2	0.821828318358202	275.212736986886	-0.0289435249179736	102	1	
6104	indent-intent	0.000727688048296593	99.9998021882149	-158.926680691613	3.3717684903313	3.45148694180676	67.0005965820498	14.4842208095618	2	0.956502486703337	209.792652460142	-0.184968614046042	102	1	
6104	kata-katta	0.0400514171789589	58.9267240636456	-884.623863057061	5.56484877164194	2.65645629325079	161.879986065001	47.2272494792193	2	0.316757081968145	2230.41309337242	-0.0104587984387867	103	1	
6104	reason-risen	0.566068817292974	99.9990510466541	-55.3547255050853	3.92609095833389	4.64106386761731	96.0170454473819	25.5467146060811	2	0.857907479148584	652.634627164559	-0.0475545289314997	103	1	
6104	toru-tooru	7.0264913156209	87.5132586094688	-272.733542462706	4.02306814158593	3.13774634156144	92.4069835174449	32.12359886257	2	0.76333923961255	1031.92560388331	0.0134192598723637	99	1	
6106	indent-intent	0.993518221724234	96.7592935023467	-793.485785309157	5.69311497594062	3.45355724817414	76.5336756296265	14.8053278550754	2	0.95199140593452	219.19773289627	-0.301698866190962	101	1	
6106	kata-katta	25.1396288173394	56.3153711738897	-14.1192865430139	1.06058665341151	4.99923224079718	77.6181812938254	17.939700787629	2	0.526785569826553	321.832864349655	-0.118401037923693	98	1	
6106	reason-risen	2.96497332408219e-05	98.661695364571	-33.9906607924887	3.96894501016018	2.95028711173361	68.2029084311954	26.2960395958063	2	0.79477103303776	691.481698424212	-0.125153691680322	100	1	
6106	toru-tooru	8.46444082921066	79.1765654849238	-12.2369564274913	2.98587745642911	2.74610998963638	91.0098353531054	17.0681277828428	2	0.724572184088471	291.320986011449	-0.0878329990796709	100	1	
6108	indent-intent	0.763272604643882	98.7799747633068	-233.216358365839	4.03529623972393	2.71588528458164	82.962886963322	9.0382535369292	2	0.978900823430786	81.6900269978132	-0.151115858540918	104	1	
6108	kata-katta	42.0470287053911	78.8423747135367	-108.412522457194	1.51313587226698	3.93289213122034	133.936870541485	25.292256981766	2	0.559318018255976	639.698263231689	0.165765173356786	103	1	
6108	reason-risen	17.1524125917186	99.2633975982701	-41.299661940087	5.73747744448483	4.73181517748605	7.11752342170365	34.9364660868091	2	0.633168924085394	1220.55666263476	0	104	3	refit with mean for all params, to better estimate theta
6108	toru-tooru	12.279123111002	95.7223850326662	-29.1567520663711	2.67709343446748	4.33872191941182	98.0356333848259	29.6625901802751	2	0.734450226087553	879.869256202954	-0.167990708836464	104	1	
6130	indent-intent	15.2707026350639	58.7553974847934	-10.1604795161107	3.97599424933464	3.2135148282908	79.8330265532427	16.9383136691173	2	0.62819260695024	286.906469953406	0.15765978033803	101	1	
6130	kata-katta	7.06533923727271	99.9998686046264	-8.32543142987465	1.00022230037084	4.99998099864015	109.52034242699	11.993181363443	2	0.782377138173817	143.836399216437	-0.0658138017739012	105	1	
6130	reason-risen	6.08623366118282	83.7867839886715	-12.5779070685488	2.17691849505064	4.37645220469382	70.4955839326991	19.109659273137	2	0.70766057131957	365.17907753539	0.177225297691344	105	1	
6130	toru-tooru	17.3736012118478	89.6591872086037	-21.0720964179824	4.24859351346677	4.06544751276577	92.0159924633702	15.1308305507199	2	0.865883240386596	228.9420331546	0.0525305122773723	105	1	
6131	indent-intent	7.1874652155216	95.0914162465086	-205.150968445719	3.97784723392219	3.38669452652185	77.909845476667	8.20265135003348	2	0.981257084907012	67.2834891702061	-0.20306350531699	104	1	
6131	kata-katta	0.0146048040638029	93.768961600734	-12.7132331301568	4.70744601468177	2.1826360483698	107.683947523329	29.7080308981796	2	0.542079223319276	882.567099847194	-0.104139981774807	103	1	
6131	reason-risen	12.948420933309	90.2498896751668	-21.801891906397	3.74031207035014	4.32914402607562	81.9197612526495	20.2411410081526	2	0.80381129917014	409.703789311918	-0.139721942383973	100	1	
6131	toru-tooru	0.000132378475300066	96.9874771199041	-22.5108582314185	2.38378086117262	2.52368309126969	85.4328825380206	18.6106977027656	2	0.830209911419244	346.358068983724	0.125768345911651	103	1	
6174	indent-intent	14.6691731177043	97.6851414010269	-53.9816212627717	3.98558857528677	3.31511985709264	83.9487729259453	12.9374825849079	2	0.941170410933485	167.378455634796	0.156072259109014	99	1	
6174	kata-katta	24.3636550634012	86.9952465675985	-7.29530949898534	1.94642223529161	4.37551594405993	76.2946056983644	17.7434428994348	2	0.58197941738615	314.829765925504	-0.0367989935047124	104	1	
6174	reason-risen	15.7397533115759	94.0899809700661	-39.5731410068364	1.86355135031353	3.86415193590968	103.416814908304	18.1869092623249	2	0.875208839902104	330.763668516038	0.0056212307141784	104	1	
6174	toru-tooru	17.2866765203084	92.5240885157813	-25.4370094944562	2.37271368616633	4.28425398673151	89.8325420669733	17.756031490404	2	0.851851525050094	315.27665428822	-0.113614886590163	103	1	
6203	indent-intent	17.5973724786806	90.5185845124245	-173.506697237856	4.28186903094533	3.41190064938231	75.8585062576907	10.0221303490404	2	0.960485043260403	100.443096733156	0.00314624934507836	105	1	
6203	kata-katta	5.21187228613032	94.729319745948	-19.9218446746774	3.73504010465586	4.68504506012135	95.1956749330742	14.0251215930678	2	0.895751062986095	196.704035700336	-0.103027265321124	103	1	
6203	reason-risen	19.0774652222958	93.2280469657946	-50.3045290405185	3.69560729806553	3.81347640960851	38.5918401182433	18.6022931997472	2	0.848433989515406	346.04531228936	0.0946175969182506	105	1	
6203	toru-tooru	7.46590421210045	88.1532312563822	-43.0088625365044	5.98334460816433	3.93263079165262	84.87042149595	12.17542134212	2	0.943047703287667	148.240884858151	0.241900598303902	103	1	
6234	indent-intent	0.660614073036943	91.765578423628	-66.4151779466566	4.83254086239605	2.93948812059381	54.6507449430366	22.5507101901026	2	0.841541811853644	508.534530077998	-0.204255515348486	101	1	
6234	kata-katta	24.4253159530587	66.0304161183382	-14.5060402444898	2.21109476156639	4.43705259871779	96.1858159572596	28.0645540483196	2	0.49277523924146	787.619193931051	-0.192389076911148	103	1	
6234	reason-risen	16.4323382858376	70.3913309292788	158.497370389056	2.94195358485451	2.88219530059072	179.043269371523	27.0555037141766	2	0.670016636258226	732.000281227824	-0.0764111094423771	102	1	
6234	toru-tooru	0.108726513135464	97.43371852935	-19.6002161557411	1.00000414013745	4.99999992021588	100.218946467005	21.2660145997715	2	0.802537256920259	452.243376957693	-0.074184378751917	101	1	
6235	indent-intent	6.27603529634468	88.5048289133976	-600.799367225351	2.91897761746231	2.35426377815356	64.3067478187556	26.9907853505225	2	0.758010105277719	728.502493837978	-0.00521565698685429	105	1	
6235	kata-katta	0.00270310505998034	80.7627385565449	-25.9266456367036	3.17621531470159	2.21938510423164	91.5193471195392	27.1645491800921	2	0.675472847266114	737.912732157641	0	104	3	refit with mean for all params
6235	reason-risen	4.0238186357055	83.3882391687908	-210.320593986698	1.05905376147284	2.58668264871487	1.74116329273494	26.6418326425649	2	0.763551344312534	709.787246554435	0	103	3	refit with mean slope and mean theta, original for all other params, to better estimate theta
6235	toru-tooru	2.23934132598634	93.9392298244606	-34.8792164596509	2.25204889756223	4.77125271436492	111.673207289852	18.3172479608367	2	0.88820125715595	335.521572858777	-0.0796062803688798	104	1	
6260	indent-intent	3.04595898349454	93.7764980132151	-45.5363143786988	4.36364125898998	3.28163538133096	76.3001220567797	14.9725607073597	2	0.928007245959285	224.177574135572	-0.0718323350513571	102	1	
6260	kata-katta	30.7610478545003	59.9440367713984	-130.757932603157	3.90469508258915	4.0658495844493	134.147506566721	30.3074689109008	2	0.4071305437463	918.542671785216	-0.0842224546803145	104	1	
6260	reason-risen	12.1058701140114	89.7158920694929	-35.2523246977777	3.81616350968562	3.41588081971715	41.9425258752999	25.576497964163	2	0.755171750268738	654.157248110836	0.0412194748638254	102	1	
6260	toru-tooru	19.0443739921112	88.4149852380172	-39.4965706466641	4.01322563258832	2.66078069985353	87.2573938421845	21.5513509362637	2	0.778803602460989	464.460727177994	0.119532534254665	103	1	
6401	indent-intent	7.94891523454912	92.2395227727403	-57.2769190956348	3.5727947339778	2.91616301054706	81.2504648867504	13.0759488241196	2	0.935926150403742	170.980437650995	-0.184876534055661	103	1	
6401	kata-katta	47.9544065313748	62.9285272128365	-355.264162483478	1.80381380057951	3.50053727944421	147.794530447149	22.5760613133217	2	0.310591585151052	509.678544422859	0.0733545328354333	89	1	
6401	reason-risen	4.81568551696584	94.8243498608926	-16.2510334503874	5.36984139764152	4.55713255493169	74.835632568172	18.1210356956417	2	0.803504039421917	328.371934682721	-0.17489373575652	99	1	
6401	toru-tooru	18.9144934892995	80.4293441116864	-13.0155250017564	3.75617156943475	3.69065650874095	89.6001363472194	21.5854966203562	2	0.661170416208808	465.93366434741	-0.186717329935068	98	1	
6451	indent-intent	2.92570074867996	96.0531210229	-43.3243087828264	6.08092270832209	1.35717757215342	79.8216103661246	22.5374639701139	2	0.579099908950123	507.937282204182	0	98	3	refit with mean for all params
6451	kata-katta	42.3755855203772	75.3394802346374	-435.511774456534	2.75572165313441	4.21620505798159	56.4655694800882	43.120950622315	2	0.330346140899523	1859.41638257213	-0.130116966447647	99	1	
6451	reason-risen	5.56696240981947	85.1671367699425	142.009543722208	3.28460905244126	3.35712422805032	170.545472322212	28.0709789696741	2	0.796278671159801	787.979860315887	-0.19907465366927	90	1	
6451	toru-tooru	0.405910429818939	90.0254928177131	-252.110185004726	3.86294511049171	4.06252328830797	98.88358181717	21.7282991504194	2	0.894540917985154	472.118983970116	-0.217650063333321	101	1	
6509	indent-intent	2.37697065267277	93.2061579302178	-59.6205840665037	2.26659045946067	3.53602692482443	76.1511406770451	12.9926380987967	2	0.950668749002374	168.808644766304	0.0185056551071338	105	1	
6509	kata-katta	10.7195410478012	74.1565185578362	-18.4241707230722	3.34300334485461	2.96696325650123	98.9215571411401	16.4541127484737	2	0.789282724570171	270.737826339485	-0.129946085491161	103	1	
6509	reason-risen	3.95610290159936	97.5014905786912	-15.5755040254502	3.44933702768779	4.25577783500226	90.6117311176845	11.4919783131931	2	0.909818546152539	132.065565550901	0.0760377762128359	105	1	
6509	toru-tooru	7.85539508179164	90.3791725320763	-106.201876138504	1.29315325767736	3.70855621725574	104.243876827114	17.2449035303654	2	0.913191228674006	297.386697771608	-0.0585322779423938	103	1	
6660	indent-intent	5.73147409504835	87.2272922271315	-37.2990571837008	3.27670440354617	3.28953877740066	84.4268805971928	12.1365312624307	2	0.938182926949158	147.295391083958	-0.224836739356211	102	1	
6660	kata-katta	50.44128127543	68.2234297518609	-216.086478425235	1.73841192150429	4.94541847064133	66.3600115691027	17.3919069829996	2	0.373049324237092	302.478428505309	0.0613411519227893	103	1	
6660	reason-risen	1.99556473919312	87.4588751602604	-24.3289546681363	2.14250432817554	2.87438737438093	83.8560190200272	19.548166503795	2	0.822767956145317	382.130813660092	-0.0286668188448327	101	1	
6660	toru-tooru	6.15009156738923	94.5719649399838	-18.0292948393165	2.21266681556835	4.84647461800728	106.301540899618	16.4374094972304	2	0.846081471424832	270.188430979639	-0.155279180669172	100	1	
6690	indent-intent	23.2735971290387	68.552753234365	-17.3788869440507	3.30608588427827	2.69727136722002	78.4701745671461	11.8375832175976	2	0.800636732615208	140.128376433548	-0.16173981168524	104	1	
6690	kata-katta	33.7790167840454	45.9083847069025	-72.500519862172	6.76379452507056	4.82836180869878	113.880577508645	12.0252618970775	2	0.447547685147512	144.606923693305	0	105	3	refit with mean for all params
6690	reason-risen	27.1139167409267	83.3568935636885	-22.9734755989727	5.05841612525679	4.35218633694026	7.74095552554243	13.9857553698473	2	0.802488355642485	195.601353265213	0	104	3	refit with mean for all params, to better estimate theta
6690	toru-tooru	17.2761159240481	65.841789296855	-5.81739336086435	2.78779020727999	3.10920925067227	91.5200685020339	13.4184169037821	2	0.598547539646443	180.053912203706	0.0225016608002258	105	1	
6725	indent-intent	17.0815879460743	85.1004614877747	-63.0487858550884	3.84423261769667	2.84907832556459	71.7336526712247	15.6569168047947	2	0.878091974121257	245.139043832263	-0.252172397399575	104	1	
6725	kata-katta	14.2753626684478	60.3813666753042	-7.51272319782986	2.92709786955481	2.4190158544168	106.564703701435	23.1198373546831	2	0.427490991075164	534.526879306999	-0.00333077425350909	104	1	
6725	reason-risen	10.2026539941488	81.1177187855006	-44.7744265979675	5.0822092366794	3.32391714693599	88.8709877917271	19.1722446085735	2	0.847873027407482	367.574963330977	-0.0168040373146092	103	1	
6725	toru-tooru	41.324111515463	76.1496975168639	-307.605121346599	2.88308912487132	3.71120251226242	82.3916181498695	15.3949273928903	2	0.743795615774024	237.003789432363	-0.198596724477561	99	1	
6777	indent-intent	12.1410494654534	85.9063870797382	-123.662730300785	3.31224455684291	2.82490850564305	74.0053751703666	7.53437218964812	2	0.97523410818532	56.766764292143	-0.0579831533806767	96	1	
6777	kata-katta	36.542466961445	60.1978000382999	-14.1338058140981	1.00072895437339	4.99999638237043	98.8682257921885	28.1634353699108	2	0.335295757770352	793.179091835141	0	96	3	refit with mean slope and original for all other params
6777	reason-risen	7.92159994354799	96.0182273112232	-31.7461963123752	4.3306731899391	4.59675255945142	80.2341288000883	12.1524061029267	2	0.937885121335339	147.680974090451	0.312700738370077	102	1	
6777	toru-tooru	9.24770781312745	85.0003496401541	-40.0275786318576	4.78274536266212	4.62817353269781	92.0140635820968	15.7337698043302	2	0.897103394879317	247.551512255652	-0.169578870752293	102	1	
6808	indent-intent	1.00002281945881	78.4673006582311	-26.460015545725	4.03448034615051	2.19500280365669	78.3739226308449	30.3678105093278	2	0.5965157887356	922.203915130441	-0.107190034796859	105	1	
6808	kata-katta	3.39379384473038e-05	95.7285803067502	-15.3401763210154	3.94551773506701	3.55639334254211	98.2197863989522	34.6429063959327	2	0.584611387470186	1200.13096355735	-0.0296801440703243	101	1	
6808	reason-risen	6.12462070595614	88.0717841789362	256.005666034475	3.03400493058849	2.88073265603632	179.516583750883	28.7265221445851	2	0.78931711270176	825.213074523336	-0.12538651538037	105	1	
6808	toru-tooru	1.0000983229911	99.9999788894963	-35.6605598317659	2.92263649689289	2.52308745526008	90.8259795456643	20.4709325145472	2	0.853647323939852	419.059078015145	-0.318900186654114	105	1	
6840	indent-intent	9.00082809339351	96.4264921151451	-963.765428185854	3.79887393084381	2.91517312552535	68.3956646628417	17.6306848691296	2	0.917273894771974	310.841048954557	-0.256710087406088	103	1	
6840	kata-katta	11.9226011321909	91.3731636170129	-37.8107878344975	3.60042157116916	3.97818766644024	93.6827563204673	24.2657686924925	2	0.807457553442523	588.827530237552	-0.0571038017187633	105	1	
6840	reason-risen	14.7774635524529	83.8609065705306	37.7591003538725	2.88191577669355	3.39670537240971	175.581067038308	18.9807615026753	2	0.824657570135149	360.269307221442	-0.0262539164839186	100	1	
6840	toru-tooru	16.3617841377642	90.1580238822467	-55.6134657708726	4.07310407891653	4.39480302474365	91.5676494634358	23.1868159577963	2	0.818984547885759	537.628434260717	0.163052446948441	104	1	
6867	indent-intent	6.31284556627544	95.7729289629893	-106.239187040858	6.27933153335786	4.24709590211974	80.3039898872712	15.8275823701494	2	0.934732680758744	250.512363683863	-0.0707710158957408	100	1	
6867	kata-katta	28.2004400253881	45.5953427888756	-166.303709987213	4.20640489650313	4.78590095045225	120.989171177442	42.4302469924343	2	0.198932323616727	1800.32585983898	0	100	3	refit with mean for all params
6867	reason-risen	12.6402626380615	93.884284633852	-87.8835345906808	4.85850019339013	4.42082438233739	92.7182592029715	18.5383407575666	2	0.898449197262546	343.670078043655	0.156951051977716	101	1	
6867	toru-tooru	5.34917514565314	92.9263700679217	-456.514738037241	3.24340594954114	3.49235582131703	100.507571919979	11.4008200189954	2	0.9660354079991	129.978697105527	-0.0451755854341961	102	1	
6993	indent-intent	8.23657018704238e-05	85.9042414044021	-20.1281324843084	4.14797016810196	2.80376341284148	81.5702992345142	24.040201597218	2	0.738558097537977	577.931292834881	0.0604006290263509	103	1	
6993	kata-katta	23.8192900704545	50.8742652920324	-495.4408972318	2.21813502531147	2.258152386154	59.0091163498583	22.8654901073717	2	0.409321186793751	522.830637850314	-0.0545306508627873	101	1	
6993	reason-risen	0.00899701647286272	85.212859162445	-17.2875884971815	2.5587842571126	2.78291777824788	4.50554062702804	27.3525576014633	2	0.604267327515708	748.162407341368	0	103	3	refit with mean for all params, to better estimate theta
6993	toru-tooru	0.000244915750020946	97.2612933404482	-12.7116865691359	2.64872835099525	3.99124936589224	110.569584315218	26.1357251941351	2	0.642222560994571	683.076131423347	0.0982021222376887	100	1	
6994	indent-intent	6.99940866840557	98.3333797345625	-62.0849264701844	4.16095423406883	3.30945715310107	79.8159409243055	21.5762260813819	2	0.879004062624021	465.533531914904	-0.309910616928321	97	1	
6994	kata-katta	21.3064519283094	46.6426243916643	-469.980373895153	3.42179174137673	4.10007841278991	70.3690425920161	27.1844288521488	2	0.420123727720836	738.993172017538	0	88	3	refit with mean slope and mean theta, and original for all other params
6994	reason-risen	46.2564181875797	69.8106593114955	-309.891375175144	2.52542207815813	2.50910184232385	11.0284078149189	32.6963438734576	2	0.323178941999499	1069.05090269139	0	94	3	refit with mean slope and mean theta, original for all other params
6994	toru-tooru	14.7512483555352	74.4044969005876	-21.2532317849093	3.96486926106083	3.27209097216549	101.379060098982	26.8865643848861	2	0.634705204926916	722.887344422628	-0.172963656697488	89	1	
6998	indent-intent	30.6209564209324	62.2730944194109	-30.0222845282911	3.54083566824959	2.84269034607512	73.1419078976438	10.8770641228141	2	0.778290523662778	118.310523931809	0.0033344058541407	103	1	
6998	kata-katta	36.4490447989763	55.3382169906623	-8.39678091836476	4.15821792243186	2.84558078819099	96.4031650026372	10.2966106911365	2	0.569798554620336	106.020191724827	-0.135847591755086	103	1	
6998	reason-risen	31.5187107086057	67.7605759882322	9.80862712373491	3.11003332200747	2.4410656277006	179.89999996936	8.22806994151338	2	0.790494565221899	67.701134962436	-0.199331273748586	103	1	
6998	toru-tooru	25.1395259394523	72.5455881334029	-4.58979208761569	1.02330216392081	4.99907609407883	104.003792547477	10.31761928455	2	0.623136121292183	106.453267700918	-0.1609752834001	102	1	
7091	indent-intent	4.87635261723026	94.5845961127778	-69.5266182945669	2.72660774557301	3.04341138190246	77.5954009704797	9.8240224882641	2	0.969644480754945	96.5114178499187	0.244905490885195	102	1	
7091	kata-katta	10.7501816328491	95.995144851633	-20.2987430282272	1.36215392366445	4.99610118743563	99.2689731665428	13.9247925261938	2	0.890592729135039	193.899846897544	0.0983246949904057	105	1	
7091	reason-risen	1.00015203835723	96.4429329006615	-25.837179341464	1.84315595647562	3.52723653166905	93.5270578099661	15.2078838821661	2	0.909286226982495	231.279732173448	0.106652136850145	103	1	
7091	toru-tooru	4.13564085213721	95.0259465855399	-44.7450044447308	4.89099758047052	4.67904417767799	105.087264618599	15.1030655479899	2	0.928685120026751	228.10258894688	-0.106974832781631	104	1	
7107	indent-intent	4.69535861044466	90.185219609888	-32.7359047310733	1.92307651560581	2.25210377786893	62.5603429793437	18.2492803072764	2	0.806847506392974	333.036231733546	0.0209689818372681	103	1	
7107	kata-katta	2.09187372138466	78.6089794331538	-28.1507916829071	3.07221359614379	1.86757617904464	78.6519297792571	25.6134999414642	2	0.612179639129979	656.051379251385	-0.164847191841599	102	1	
7107	reason-risen	7.04508919974641	96.0358255964281	-20.2899324960604	2.762480387138	3.60653614015289	17.826452081074	24.391100451066	2	0.660564907142454	594.925781213991	0	103	3	refit with mean for all params except original for B1, to better estimate theta
7107	toru-tooru	2.02591489931526	97.0011301844877	-19.972522918276	6.16146234928066	3.0352702171807	97.6394398613909	25.0995372770829	2	0.742586593574955	629.986771523674	-0.134638112761598	101	1	
7172	indent-intent	25.8914589679676	79.2472618413866	-22.1415159086576	5.31162587206516	4.01901860016274	97.0037747415774	15.439525611516	2	0.813232775690385	238.378951108659	0.0371356004824788	105	1	
7172	kata-katta	35.6048590480088	64.980715918165	-374.335897417377	4.04656358932227	4.52975756325169	122.643005504069	15.4291167471367	2	0.680016639432273	238.057643596773	0.132072712147806	103	1	
7172	reason-risen	8.76269314453969	77.7979193760967	-22.3622820096197	6.1126657288544	2.87669434596823	84.2958779000139	19.1227156196755	2	0.776476288478954	365.678252670983	-0.0410991689087617	102	1	
7172	toru-tooru	19.5146662887384	60.6348049218979	-276.135122237428	3.17958644896488	3.1860796420253	81.8728286567799	18.8106156793847	2	0.725707099140829	353.839262237514	0.0145582241986424	103	1	
7187	indent-intent	5.20989320684784e-07	98.6934445446257	-38.1351865914641	5.487776338349	3.35645762606628	75.5558544540668	11.1493370986774	2	0.961160776528457	124.307717739944	0.0149545057269592	104	1	
7187	kata-katta	7.50329900184865e-05	99.9998385562138	-8.58740698328621	3.91264632928816	4.63372347945675	88.916562401879	19.6815830388469	2	0.636453327973538	387.364710915026	0.00486871726767488	99	1	
7187	reason-risen	8.78011172369677	77.1401698198494	-26.1629698614955	1.22477010669607	2.22044610021306	7.55794871079348	18.632654135769	2	0.789332958885867	347.17580014319	0	103	3	refit with mean slope and theta, original for all other params, to better estimate theta
7187	toru-tooru	2.51614121393572	93.4227858939513	-40.9719856062793	3.07840718552787	3.52089310282002	90.6611974724672	16.4474392795038	2	0.914473274506592	270.518258852965	0.0740110093449741	104	1	
7189	indent-intent	24.1243330588262	88.3840767320153	-998.179513052019	2.71258758854043	2.63011331373314	59.4504187234653	34.3224074350969	2	0.626871320081463	1178.02765214079	-0.230662798635258	101	1	
7189	kata-katta	2.52437720060783e-07	91.6998236407508	-55.3257450435057	3.36383077944683	3.05279450500665	93.1411744795774	29.0444715132914	2	0.803313065779486	843.581325486393	-0.126561223991593	103	1	
7189	reason-risen	6.62758857373463	94.6292445784942	-129.463920320535	5.03332844809053	3.98117571134495	3.54066586372781	28.6156075602194	2	0.813507585519581	818.852996040488	0	95	3	refit with mean for all params, to better estimate theta
7189	toru-tooru	3.20245506806187	99.9999870016656	-40.3714582861096	2.87649805759929	3.65311841447646	90.3191795680003	29.3240092552294	2	0.802192128080161	859.897518800782	0.0568675828959287	101	1	
7201	indent-intent	16.9976753365811	91.98793902853	-69.5214016845866	4.03910813658903	3.50510862231708	81.3374807923838	13.2166269598729	2	0.932625492165414	174.679228196439	-0.175033580716558	103	1	
7201	kata-katta	11.0001789352039	78.8412824025752	-7.722798907174	3.84154966854424	3.12725255845472	95.8835340824028	16.5301004963458	2	0.636626368248982	273.244222419292	-0.00390279233309621	102	1	
7201	reason-risen	3.00012967801689	81.5753364834332	-24.1894373593429	3.96079949838041	2.03657179978517	91.3919276405128	16.5877823182262	2	0.806934395190521	275.154522236859	-0.119546396994619	98	1	
7201	toru-tooru	30.0528313145343	76.9999658759277	-4.22954355784683	1.03881791971742	4.9999961787995	89.0990263648845	11.7306845318996	2	0.546644534986139	137.608959586947	-0.025833639731736	99	1	
7464	indent-intent	28.6192725385209	82.7995881100048	-58.925183699193	4.41088122601598	3.58826058036068	78.845033785917	10.2898643264977	2	0.924762309526566	105.88130785773	0.000416200116361149	102	1	
7464	kata-katta	8.00744128224058	90.9065523866516	-3.72830045018306	1.00331023739233	4.99917019840245	119.321483152279	12.8054446806472	2	0.475710335157564	163.979413469116	-0.0303775062253095	102	1	
7464	reason-risen	17.110664963576	80.6494889469226	-20.207688106807	3.53581188856763	4.63595565612621	90.8213878315484	12.0297748534174	2	0.887477819997905	144.715483023913	-0.118109174770514	103	1	
7464	toru-tooru	24.3674347761036	81.3773646773988	-19.0534250699672	3.67219589529756	3.26806869365678	87.5966987903761	11.3532448937348	2	0.879075845204082	128.896169617116	-0.125338666107058	103	1	
7470	indent-intent	0.651360429365741	99.8775550310213	-93.3782790039881	3.11776095417476	3.22218756365104	78.4926210351267	10.333980991189	2	0.973974185253731	106.791163126257	-0.22672279144445	104	1	
7470	kata-katta	9.86866405261466e-09	99.9999998862767	-22.9446632264538	1.00000128121748	4.99999999770819	86.4783112176985	26.0872936042036	2	0.764117618926532	680.546887591921	0.00804090147442592	104	1	
7470	reason-risen	3.80322767107602	93.7435831222211	-87.3899886849959	3.67342630357327	4.70879962788464	102.652181871177	21.1981758077691	2	0.889076531245096	449.362657577086	-0.137155463295163	105	1	
7470	toru-tooru	8.66223804996125e-06	99.9999819095765	-56.3565589498397	4.15396387623677	4.31839548123749	90.9824286738514	17.2686008464985	2	0.929958175945034	298.20457519569	-0.421489696674466	104	1	
7474	indent-intent	3.86010928247224	92.324722298362	-104.545668141498	1.85065915752415	2.77996726904667	69.9305629080229	29.3157807522954	2	0.790443767222723	859.415001116653	-0.0807118075308627	101	1	
7474	kata-katta	4.89935254038956	96.2294506289351	-31.2893846831559	3.23945293016399	4.06253185551544	90.6028365304684	35.6161912597461	2	0.70045642568774	1268.51307985082	-0.176584623716978	102	1	
7474	reason-risen	0.000782857274493065	86.8826245471746	-27.3786997586519	2.4574644809132	3.12287104454959	7.82210340500649	38.4297126927398	2	0.578833456327093	1476.84281764652	0	99	3	refit with mean for all params, to better estimate theta
7474	toru-tooru	13.4645840977703	98.766355921619	-31.7638841092944	4.74477916426723	3.63584453264578	108.514054852129	32.5957702870717	2	0.70185776842276	1062.48424060755	-0.384692230178029	104	1	
7480	indent-intent	54.7352199278259	65.6820857009246	-82.5726356142216	2.46236677305895	4.22803766694813	36.1997730193078	14.6546028107187	2	0.252029324373699	214.757383539925	0	105	3	refit with mean slope and mean theta, original for all other params
7480	kata-katta	3.14710016939184	50.5271176837346	-11.6687021855604	1.95586023911166	1.92731104955082	83.7111856381671	20.7140755614524	2	0.485087893730127	429.072926365558	0.108567859199441	105	1	
7480	reason-risen	32.4357837151084	53.8790778827874	-280.681335848946	4.93607587191346	2.78397731838027	18.4339824727523	21.9995181114602	2	0.242474258131383	483.978797136464	0	99	3	refit with mean for all params
7480	toru-tooru	1.00019904881184	71.0536038058482	-19.2458344904441	6.13482289195423	2.40325846249406	88.1886238361828	17.4998030060821	2	0.767091142900534	306.24310525168	-0.113009973661864	105	1	
