ID	pair	B1	B2	Slope	X1	X2	Theta	PointVar	exitflag	R	LS	AR	N	status	comment
12875031	indent-intent	18.4347766498173	82.0049171094216	-60.0618335954431	4.53544560431005	3.37653205323586	87.0940791310432	12.6585076882949	2	0.916480643313053	160.23781689462	0.105244628003732	102	1	
12875031	kata-katta	35.6341067873754	56.0406295601883	-13.8554842138791	2.49063185051446	3.67500154938688	46.7457829945953	24.4459217316155	2	0.325915657138079	597.603089308269	-0.225324578822867	103	1	
12875031	reason-risen	19.175506406943	95.9509655798841	-19.5666425127424	5.17853317536894	4.83660743169035	78.3076011473486	15.7124110378487	2	0.834778547461498	246.879860622308	0.0494109188824686	103	1	
12875031	toru-tooru	18.8075310053071	97.999998823489	-11.0944446545651	3.99817761857594	4.72077313354956	90.2908462096683	20.752577430818	2	0.6786001325399	430.669470022097	0.199564320105845	97	1	
12875096	indent-intent	4.18228484751208	96.406209151286	-157.816594523888	4.89535364552892	2.8914872866049	77.5443718107661	12.1839622265385	2	0.958976435074867	148.448935537716	-0.214167260858442	103	1	
12875096	kata-katta	0.00131652264493259	96.3555528409855	-29.1120439489215	1.49597971682916	3.08257765351161	106.714842662091	30.4048166620372	2	0.742889585869761	924.452876252097	0.00906952389633531	103	1	
12875096	reason-risen	2.52251459078285	97.7871890757871	-45.1251370569426	1.29799359585578	3.43718293902327	78.9997929451044	23.939315435379	2	0.854020547259819	573.090823514574	-0.069606381625049	103	1	
12875096	toru-tooru	6.14403757353968	93.7505625010356	-85.4882755569216	4.30046958026727	3.36802581786358	99.5562578509238	18.913579995172	2	0.902472562634367	357.723508233772	-0.111575099164979	102	1	
12875098	indent-intent	4.44814443776706	94.3645760552326	-87.880586815412	2.88128730451168	3.53627412181535	76.9919755210573	14.1432427669524	2	0.946056451610974	200.031315964951	-0.0451159932423817	102	1	
12875098	kata-katta	5.10124143154865	82.7375544215282	-12.1770875542525	2.39617073260883	2.90804536988215	98.0302626999151	25.1310554617724	2	0.600945999666704	631.569948622682	-0.090548196935314	100	1	
12875098	reason-risen	29.9276595541056	64.6951473094871	-162.196109113916	2.96942210241909	2.96028713197857	44.2395032270007	27.5089000336603	2	0.482182610578154	756.739581061915	0.0697911439681198	100	1	
12875098	toru-tooru	22.0185859881997	86.192323013313	-26.1756507967521	4.87891380257058	3.9122530939199	91.6882166114231	21.7424789135802	2	0.767347904477808	472.735389307479	-0.103385306498789	94	1	
12875103	indent-intent	4.14440987666734	85.0288209787375	-70.4395037184757	3.79190707575479	2.75365814756156	75.6526340275399	18.3460878715065	2	0.873018488862934	336.578940189037	-0.160415701261301	96	1	
12875103	kata-katta	6.79152553551184	98.8839083778212	-6.1739182947466	4.73675853183111	4.96452638993123	100.821488360345	29.2267453195401	2	0.37787270802308	854.202641973258	-0.0102411572860177	99	1	
12875103	reason-risen	3.50006912318277	87.466395515164	-55.3387062324461	3.74190795967673	3.76140580701889	95.2845025772716	16.1705819631479	2	0.915784702148237	261.487721026886	0.103291544048961	102	1	
12875103	toru-tooru	13.7875113029064	72.8847017469368	-630.190900834557	3.36148239531054	3.02575574277147	71.5576932540179	34.8517563721782	2	0.628501533291329	1214.64492222566	0.0482232845903815	99	1	
12875114	indent-intent	5.89016113832928	98.6527518860119	-61.9012500126802	2.93671809661343	2.97980965797274	67.3348918166152	19.0024442000686	2	0.896651013229133	361.092885576723	0.0719338918140416	102	1	
12875114	kata-katta	8.20137631914056	90.5245334507897	-36.4915625955582	5.12061713123097	4.20797510882704	82.2515567365886	23.3879160381793	2	0.819283700285913	546.994616608925	-0.0809463090257372	101	1	
12875114	reason-risen	0.000157103660760327	99.1737478024914	-52.1047489209667	3.39320847296777	3.04592687967528	4.80109404952248	27.9780640424173	2	0.811858847823073	782.772067561603	-0.0800255831428553	99	1	
12875114	toru-tooru	4.10907885659092	93.0284711126265	-84.975022999251	5.63888888684179	3.66338066333303	86.357051191481	18.3153100391836	2	0.9124502985688	335.45058183142	0.14038897694757	102	1	
12875138	indent-intent	19.0796402638457	91.7361578895175	-79.4784581799047	5.082339860545	4.07344858739305	85.527181000716	26.2274467208419	2	0.788905012374887	687.878961494602	0.277422545767545	97	1	
12875138	kata-katta	5.17877846443686	87.9793440676536	-29.9776252630287	1.7988635938725	4.7477833834232	106.547342100595	30.2259399025414	2	0.723982358508789	913.607442992044	-0.0488304072575984	103	1	
12875138	reason-risen	3.05038955242705	96.3258502220756	-47.263301224505	4.8680699777792	3.26487799139098	84.3362525955656	18.2810362323099	2	0.902660472040889	334.196285727027	-0.263886713821916	105	1	
12875138	toru-tooru	9.08381065705784	81.0644844233207	-42.2616695809239	2.02849561442037	3.764827974882	84.7113484746455	31.507262156108	2	0.705681433026363	992.707568573717	-0.032869203486252	104	1	
12875156	indent-intent	10.4260478686403	78.4727901529669	-233.987064443984	2.99755034005242	3.0872009328041	85.0101435352971	17.9636834911836	2	0.871052251662946	322.693924571423	-0.0981772619970376	101	1	
12875156	kata-katta	39.8672540630126	53.9067323772861	-325.135068501207	6.82058860336144	2.03323772762391	74.5998021903205	13.7118931932304	2	0.360677796806291	188.016014942557	-0.118441783060004	103	1	
12875156	reason-risen	11.6375374700297	88.2215976157696	-37.8138001033988	4.16643989830964	4.79280489345495	98.4132737170932	18.343766721948	2	0.865745066202143	336.493777549248	-0.18815680957988	102	1	
12875156	toru-tooru	30.5867080095843	57.11184066931	-15.0044986881803	1.00000000736978	4.99999998932895	139.374062317735	18.5647732226419	2	0.486827625806744	344.650804808122	0.0164767651623254	104	1	
12875178	indent-intent	0.00451765338978621	99.999734597714	-220.415465109533	4.90805887661041	2.9990161058838	80.5565114098906	11.1538779927161	2	0.971457498069241	124.408994276397	-0.266189381252178	98	1	
12875178	kata-katta	4.07880325639579	90.0944179166339	-6.1933131052865	2.45064592671158	4.94402018571755	91.4350527454007	19.3763969527988	2	0.523096137393472	375.44475887243	-0.00929075599543975	102	1	
12875178	reason-risen	4.58137098367837	99.9714955220254	-57.0643257306393	2.93267739197633	4.1260016870355	85.5095837311774	20.6069820316675	2	0.900382886506387	424.647708453468	0.0793043481601657	100	1	
12875178	toru-tooru	4.51698342285312e-05	89.3560111501268	-20.0172677824246	4.05393818172821	3.78609585355782	87.5323549257116	23.9185249528757	2	0.773071591702937	572.095835921335	-0.0315798110041853	101	1	
12875190	indent-intent	1.3591017343857	94.7622278234078	-44.3078047942318	3.60163194191945	3.12755072240213	84.0486031754126	16.9497124317127	2	0.911230602660091	287.292751517757	-0.00537915865668751	104	1	
12875190	kata-katta	41.1393673884247	53.7633420280544	174.518309842695	4.02127934948561	4.13756893975335	68.1568203851581	22.2904290545199	2	0.264256141858506	496.863227434583	-0.0690082058530683	93	1	
12875190	reason-risen	11.2701142709619	87.8680761529883	-16.3444569264369	3.73208741849313	3.52406333929567	87.5445311662288	18.911482814453	2	0.781750713274253	357.644182241349	-0.107967936214829	105	1	
12875190	toru-tooru	6.66679083301653	99.9993119990561	-26.9945399825087	3.83820246325493	4.62990599898156	95.7342152723261	23.6893124088336	2	0.814611270064246	561.183522403315	-0.0869367427642323	99	1	
12875208	indent-intent	0.411497900655275	99.5138702333019	-999.992924664369	4.81932176669626	2.75633651109998	76.1830362433414	0.799804646444269	2	0.999847591770668	0.639687472473842	-0.197290674863511	103	1	
12875208	kata-katta	35.3695558292261	70.8307244892067	-11.5691564527684	1.00000860855127	4.99999979343394	75.9989746043077	42.9744615244347	2	0.247027835759199	1846.80434331512	-0.197638992975776	104	1	
12875208	reason-risen	22.3016819739992	96.0805192371628	-36.3945631623323	4.13277304501323	4.37656947565333	92.1178598965429	35.0431621414607	2	0.661335799119222	1228.0232128727	0.0709339737761091	104	1	
12875208	toru-tooru	19.912194620794	86.5338127796731	-738.060580472242	5.37808370230654	3.53212934646665	101.416488742593	34.1900502563331	2	0.687632823974754	1168.95953653058	0.307602485946221	104	1	
12875212	indent-intent	9.84556036275751	88.2832239137815	-50.4217772903729	4.14556663315542	3.31843289444009	85.8426588305944	12.0955789601478	2	0.941561565532413	146.303030381171	-0.0388080242789539	105	1	
12875212	kata-katta	2.20970486577082	93.5757216708833	-12.3531116818231	6.46748108404285	3.66145639841064	89.4916037824386	19.5031025333159	2	0.738088122584045	380.371008425035	0.00731563882299093	103	1	
12875212	reason-risen	18.4390308974337	94.1242204070583	-31.6024918420208	5.60073861541855	4.60982136093328	1.94477065896771	17.1642529705286	2	0.83294068929473	294.611580036301	0.0840210136246245	96	1	
12875212	toru-tooru	2.24084973225442	85.6937706882985	-17.9353164012469	3.46766617526774	3.2113283715398	73.5735985454658	20.1075046729573	2	0.781369739019498	404.311744173	-0.0490946319681482	92	1	
12875231	indent-intent	13.7864305188987	86.4743156154605	-76.0182627144104	3.63936887653136	3.22798104434565	85.3981503827292	10.7335504695947	2	0.950825798626077	115.209105683336	-0.21037373219446	99	1	
12875231	kata-katta	5.00170696169763	89.0795280962734	-12.3057758125406	2.04432002316405	3.2543260544369	140.663918090142	24.2040585020737	2	0.588626255533134	585.836447971807	0.0726836286660523	99	1	
12875231	reason-risen	4.00092956018378	84.6637978350201	-20.0973545324194	3.22885335101846	2.45386379526491	68.4827052978299	19.8508047123947	2	0.747156933419588	394.054447729631	-0.191367351652657	104	1	
12875231	toru-tooru	21.4139206781304	86.2508808137842	-244.796150367185	5.50244829514913	3.52798650607507	75.3107448122722	11.4420783955514	2	0.940000950076378	130.921158009943	0.140200729080801	97	1	
12875238	indent-intent	23.3326878836802	84.2316472361512	-71.9253216309817	2.67928792663209	3.21246577428059	76.0957342472778	7.03723842800785	2	0.969414633310008	49.5227246926303	0.181400813847664	104	1	
12875238	kata-katta	8.00235218461727	77.8758637562957	-13.3959623829573	6.26398080390105	2.90943866876397	96.0726125810547	11.7844063963934	2	0.852737331156467	138.872234115357	-0.181688882592671	103	1	
12875238	reason-risen	13.8838681626836	80.3998629993162	-16.0906211772033	2.88741716674666	3.79837676725281	79.1475294176387	10.1554044266113	2	0.90910511070181	103.132239068037	0.158291975883631	104	1	
12875238	toru-tooru	9.03084929364122	79.8504741890733	-19.3118044498659	4.6036463693973	3.62994212620762	97.5000351758077	13.159446213555	2	0.882042552733927	173.171024647448	-0.0394246330788465	104	1	
12875341	indent-intent	43.2356385441771	58.7212406240794	-11.027716239954	1.00282143334835	4.0356007132748	162.220815159306	24.4873076896182	2	0.2455965456968	599.628237886035	-0.0332902048409268	105	1	
12875341	kata-katta	14.8692906945718	77.212264217465	-51.1206954161923	5.82716927696991	3.86040090951215	81.4452179640543	21.2258628679371	2	0.799358631780783	450.537254488473	0.0540808191294103	105	1	
12875341	reason-risen	1.59142835985408	94.6448355893116	-57.2790550573506	6.73643855715702	4.6833214288649	10.9523206357773	20.6765586348958	2	0.878737966629823	427.520076982285	0.0776673094767503	105	1	
12875341	toru-tooru	0.344948129882894	95.9060743562595	-65.4746180987971	4.88300951738837	3.26894670494621	100.54342276326	15.5389361266769	2	0.935360840999798	241.458535948945	-0.341221320726007	104	1	
12875348	indent-intent	0.527356717770605	99.9997176010695	-49.21054564548	4.51288084058359	3.62742659960432	82.6196976652552	11.8668848579801	2	0.962236473894271	140.822956232558	-0.123790240050231	104	1	
12875348	kata-katta	0.000463069594202614	95.6428458931679	-10.0214409194459	3.19268535851425	3.06630571147998	85.5291330314007	17.8503743011528	2	0.711020735264753	318.635862691258	-0.0995271829628925	104	1	
12875348	reason-risen	7.46024645348342e-06	96.5437783300149	-21.6434956092423	3.90629135843691	3.7194179113839	83.5570402716415	14.1476522183384	2	0.915515265443938	200.156063291054	-0.142512929293335	102	1	
12875348	toru-tooru	2.1710290340371e-05	96.2553783198167	-29.6102019923737	3.68532928566416	2.61035355660858	100.263506724095	13.7197279545158	2	0.91933566818026	188.230935145923	-0.0128249309562677	105	1	
12875356	indent-intent	1.45624054324397	99.595268933854	-629.450572839828	4.20738228987916	3.44622644239726	77.0114269459257	8.26238322806305	2	0.985271614371108	68.2669766073776	-0.223188168245724	105	1	
12875356	kata-katta	32.3317824399701	86.6230737099657	-30.3207013898255	1.00000036884706	4.99999999613614	97.7313197999116	29.2618016466579	2	0.611695194405763	856.253035608349	-0.205460416904358	105	1	
12875356	reason-risen	3.70374158383062	99.9160933048442	-68.751488088676	6.85177165155845	4.59774555390557	79.7729472536279	20.0837766079754	2	0.900329017664794	403.358082839062	-0.114315992930192	105	1	
12875356	toru-tooru	0.000308150658361983	99.9999129166972	-34.094028736375	5.2557665258496	2.99972222548972	99.6753922509809	24.9525666675309	2	0.821801414361956	622.630583297573	-0.102350132097476	105	1	
12875363	indent-intent	1.65013567054436	97.141633440549	-71.4576986479431	3.57740146197936	3.26705721459947	74.5842959067452	13.7606808446969	2	0.950279682401097	189.356337309609	-0.144187826144422	103	1	
12875363	kata-katta	53.6471587104451	65.0497785271991	-137.097735906696	3.46309252129944	2.7129548667556	104.69974589058	14.7065933580269	2	0.33687248513959	216.283888198362	-0.0955927114563786	91	1	
12875363	reason-risen	1.07438734137759	95.8740777951838	-26.5198805678198	3.30228955898942	4.66627958259471	94.5144074802285	15.8741807594975	2	0.900968398852135	251.989614785201	0.0323547028956624	104	1	
12875363	toru-tooru	51.6523232241052	59.2354289023969	-69.993902890236	2.94061606016889	3.79947462065564	48.2041570322034	17.4996808420887	2	0.205180039970696	306.238829574968	-0.127356059048633	97	1	
12875386	indent-intent	5.59246016726485	90.7789196217208	-509.036931731156	3.83171949441912	3.21764394617616	81.5928478662711	13.2630378533347	2	0.951880558580223	175.908173098989	-0.0410998561492024	104	1	
12875386	kata-katta	17.0406319960967	96.528236462901	20.334293571249	2.46823609082102	1.87590402311023	105.583830939578	28.4628664136653	2	0.608744295589388	810.134764482156	-0.0804298959642817	102	1	
12875386	reason-risen	17.9491168829978	82.64130484381	-853.280357763676	3.98947758362822	3.40450140159302	75.2144895064801	27.1535307833877	2	0.755747438386426	737.314234004385	0.0962652125965064	98	1	
12875386	toru-tooru	5.8383900482455	71.597703837734	-453.782138482693	4.23733210808692	3.74878934655646	65.0862538288114	15.9195048204003	2	0.895123078191941	253.430633726748	0.11479465763518	104	1	
12875420	indent-intent	4.95642644276484e-05	97.9381087017881	-96.2521962430399	3.25586378723845	2.00883865384284	82.2458021256172	19.3550181461873	2	0.872002040098304	374.616727439239	-0.0853289446684456	97	1	
12875420	kata-katta	0.00538706226241537	82.5360258678182	-37.2266475631312	3.76044089684086	1.3078269703302	72.218889090108	36.6494302174979	2	0.314168163532313	1343.18073526725	-0.15486381778976	102	1	
12875420	reason-risen	2.79615070305824	99.9998587947444	-69.0395871992331	5.58227254527179	4.59850436991898	3.40722823527832	25.9049049973452	2	0.83430916225441	671.064102921482	0.0972215878069256	98	1	
12875420	toru-tooru	11.0285629874106	62.8030356370905	-106.844254418645	1.49489137166393	3.34058065121394	80.3140024365539	38.0774691312795	2	0.551028809930255	1449.89365544355	-0.140431043573717	100	1	
12875426	indent-intent	6.28203765147608	85.2509631865737	-38.9811784075757	3.9615224779028	2.88196230565663	87.7871177656257	18.1185273146353	2	0.865365240122153	328.281032051184	-0.0266452228028286	99	1	
12875426	kata-katta	6.17442851470576	83.9759877097935	-5.3409540031302	3.25267224106397	4.52058168828325	86.5302655591639	17.2765403635842	2	0.509362450823894	298.478846934555	-0.0555248905274281	96	1	
12875426	reason-risen	17.9203377192376	78.0317246364222	-22.5440815070888	2.58396587601882	3.57568974216913	66.7741952934227	24.3476582610214	2	0.691746034254613	592.808462795482	0.0402563767089579	101	1	
12875426	toru-tooru	9.78230048155132	83.364532427112	-19.9855935080209	4.37221345426628	4.13307702462225	103.575321462369	19.662952590794	2	0.801039826580628	386.631704587814	-0.109440372409834	93	1	
12875440	indent-intent	0.792704176197293	99.5302597085007	-78.2204223869463	4.13333033421328	2.888999910395	69.5269986788276	10.1216705242296	2	0.971140184216952	102.448214201059	-0.315027951067247	94	1	
12875440	kata-katta	18.5133549114569	95.1703708968139	-34.9643292884974	4.24897067685418	3.93102741135194	92.1525814120143	26.9021865020958	2	0.763464907275181	723.727638593547	-0.205848472646937	101	1	
12875440	reason-risen	0.000696328974048921	99.9985414509667	-47.6604593711641	4.0019090163313	3.47192182496524	85.6497112208145	18.4117025004152	2	0.915202279377904	338.990788963796	0.131290074670061	105	1	
12875440	toru-tooru	1.30003138337598	95.4155425076818	-73.931466653126	4.08075323509547	3.66761416190109	115.548846519988	17.7296119584051	2	0.917897806711407	314.33914019562	-0.00415897126876202	105	1	
12875448	indent-intent	2.65523774546452	96.1363236361458	-49.7818108460213	4.33067535026008	3.07944135012458	76.5637208955083	12.2706274225741	2	0.95154922419885	150.568297343627	0.0375265477809135	104	1	
12875448	kata-katta	24.0208203673686	75.0179373968894	-14.9568843446253	3.85585384714035	3.90196142731894	70.9921439948529	23.3097067707682	2	0.616870676291587	543.342429739197	0.120562173847078	103	1	
12875448	reason-risen	2.83714510277773	99.8565385167056	-18.6864612806851	4.22768961894583	4.19328832835745	66.9123152615392	17.7600969989286	2	0.83681915731174	315.421045411354	-0.0468109382343672	102	1	
12875448	toru-tooru	22.6511301923101	88.8471001318442	-23.1621798847241	3.9305304867766	3.86677081899218	81.8613829100615	15.448728620968	2	0.854822950682868	238.663216004316	0.0289932644179697	104	1	
12875456	indent-intent	6.48190272388867	91.4853591690582	-81.033128976982	4.70322719041237	3.10050381134931	79.9865084903377	16.1568729937173	2	0.918636720529891	261.044544935111	-0.129779826463411	104	1	
12875456	kata-katta	17.8466409621172	56.9888738488555	-473.165658977396	6.15273080776149	3.0634960066038	27.2455764716971	28.3645755661665	2	0.40506067218404	804.549147048769	-0.066696826818091	104	1	
12875456	reason-risen	10.3293023918374	91.0916287651889	-73.7575575012246	3.0897274738729	4.0555486029814	85.3775822870848	19.1343648364027	2	0.887060672290819	366.123917692565	-0.216862967270275	102	1	
12875456	toru-tooru	3.88450013548692	96.7706286830597	-42.058354031589	3.9116644382875	3.75766504522935	83.0624866161386	21.4389884028981	2	0.871906348972199	459.6302237396	-0.0731453474063132	103	1	
12875458	indent-intent	7.97641638983586	95.2934221203845	-52.2281495219203	4.78176318752872	2.84336163115586	73.9021122386514	13.3975016706379	2	0.932441182876457	179.493051014746	0.0644976390327673	103	1	
12875458	kata-katta	22.9578651025219	76.43896753456	-18.8156759686899	4.96579883027324	3.73904893174118	88.9568517168252	15.5689478955406	2	0.799123303494532	242.392138574057	0.142239061124753	103	1	
12875458	reason-risen	1.67944595025338e-06	95.4300633189375	-31.0580229723372	3.49425128716128	3.76133641228267	80.2804220429198	14.2994273498481	2	0.932449884685793	204.473622533585	-0.0586756678478338	102	1	
12875458	toru-tooru	2.68922285190077	91.5072829358755	-36.0590499036815	1.35658665678808	3.17556105786018	101.744438988868	16.3958527989084	2	0.900740647999669	268.823989003473	-0.0532612388281249	104	1	
12875465	indent-intent	10.0526976623889	75.7345654744413	-14.6115948776696	3.05912606140798	2.3506862713535	52.8104616988853	20.6913969077399	2	0.594233576918382	428.133905993628	-0.0251288734023507	104	1	
12875465	kata-katta	14.0060426844962	78.9424250100838	-3.47732724864385	1.04359035383025	4.99927737077434	102.171870137113	25.4278725530629	2	0.257265959347661	646.576702574809	0.0929705899918905	102	1	
12875465	reason-risen	48.1523602539505	85.7467573563546	66.244580865896	5.25353675162347	1.26656429525697	178.966255878523	14.1263884666162	2	0.185080007580704	199.554851109746	-0.00102672800717149	94	1	
12875465	toru-tooru	39.8001847183899	78.8521514697108	-6.84081851211215	1.00000483665881	4.99999726324751	128.295972819394	27.7566284272163	2	0.335863460183202	770.430421646554	0.059762439840429	99	1	
12875541	indent-intent	0.92773879899034	99.9183395776959	-194.388543577232	4.52519760631192	3.09748572425843	82.3741936991725	9.98790387057572	2	0.976289021654445	99.7582237278614	-0.223754704393258	97	1	
12875541	kata-katta	40.4400168999067	74.8156111749236	-127.92889777776	2.95049506441791	1.88185640657132	11.0089534356072	9.47475598987658	2	0.478142452204748	89.7710010677021	-0.00491738258173674	95	1	
12875541	reason-risen	4.89266176406655e-07	92.2964516516942	-12.2112220118884	1.00000186048707	4.99999991592126	69.9346547043779	32.0183229374857	2	0.483605727425074	1025.17300372913	-0.0355425640865089	98	1	
12875541	toru-tooru	5.55218742435973	91.7509384679639	-30.574250732655	4.09992637438897	3.59459658287416	94.0859742902714	22.7470095312525	2	0.824476002786822	517.426442614892	-0.0696461366701691	101	1	
12875549	indent-intent	3.32229666365312	96.2892962200881	-51.11232051799	4.60663262040915	2.9337346033375	62.4962881226599	26.3826274029384	2	0.805545232256962	696.043028682277	0.156428182618306	99	1	
12875549	kata-katta	20.138707208659	71.185055711304	-0.835980528588165	1.24732204125557	4.60107763495786	166.345681298153	17.0090297670211	2	0.0709194297581318	289.307093615411	-0.0931118783961647	103	1	
12875549	reason-risen	22.9491395725095	86.8910217340686	-32.0277852800695	1.91976317789456	2.32423762572282	5.87546216688395	29.2289318779286	2	0.636801170399139	854.330458724593	0.0625964207154422	105	1	
12875549	toru-tooru	2.29890364082106	96.4272910153463	-76.9926169237492	1.19425162885972	3.64342800622332	96.5743028213545	19.4903486043973	2	0.909804538869	379.873688720932	0.0636534307874312	102	1	
12875552	indent-intent	17.8554349875166	80.7130364866842	-151.688520827768	5.34424638450128	2.99344443804655	83.0122704195736	14.8729324657872	2	0.887478099337928	221.204120131868	-0.115647181126964	103	1	
12875552	kata-katta	40.2018278722035	53.7380355740976	-9.80890865432042	4.27000734169117	4.49053158346973	84.7549475844869	13.1552385529	2	0.413320060351654	173.060301383707	0.0281720921461092	104	1	
12875552	reason-risen	20.1839930180112	80.7986398294863	-20.0353087035904	2.71838055780494	3.16884023841736	75.3255256104341	15.1929898897185	2	0.822044571531787	230.826941789088	0.0598723129105882	102	1	
12875552	toru-tooru	20.0657124541012	66.0606333174744	-581.92924019776	1.54945568725028	3.47936439992824	78.6258345579285	21.6105703769104	2	0.723111465627583	467.016752015399	-0.0910713551403579	101	1	
12875565	indent-intent	6.08462772387908e-05	96.9578355475843	-117.246017099116	5.87987202015528	3.35482019877968	71.7459007275535	17.2068608421347	2	0.935487260960363	296.076060040589	-0.0349394778517485	92	1	
12875565	kata-katta	17.7254461565451	76.8118880439362	-26.6504088266947	3.36894386822706	3.27367073736366	99.3604894350992	42.6034761456049	2	0.479220629135645	1815.05617968912	-0.0516597540752879	94	1	
12875565	reason-risen	11.6071553218787	91.3285056284725	-328.613093009358	1.15430874295256	4.8185004584019	86.4502398707753	31.2266306495248	2	0.765249797248766	975.102461721841	-0.0612642775137096	95	1	
12875565	toru-tooru	4.28337440565171	89.1869497959205	-368.353007271041	3.22606718283638	3.73000182277058	83.6419641553852	25.638018446786	2	0.848676813493545	657.307989877737	-0.0010485118181309	101	1	
12875569	indent-intent	3.75917980257089	94.2505016873548	-43.0752971362233	5.36975216435425	3.24965424020508	78.7863628444115	9.66880005039233	2	0.966753884156269	93.4856944144668	0.235581269513331	92	1	
12875569	kata-katta	8.01274638941307	83.731400287256	-9.90248564573174	3.89004517257235	2.96214811237886	100.174960817392	14.9267987148	2	0.742482682363443	222.809319872155	0.0296714298123717	105	1	
12875569	reason-risen	0.000294498992092718	85.6386106129754	-28.9552981285688	4.72700258934397	3.45744023680049	55.5478711072433	17.9952261425666	2	0.861480436228206	323.828163922112	-0.0784172433714551	105	1	
12875569	toru-tooru	5.20509931251079e-06	93.8140562532672	-37.4064904299656	3.42938146058978	3.48173216345765	89.8072266116583	16.0792627418983	2	0.918988808580413	258.542690322999	-0.03365650959365	103	1	
12875570	indent-intent	6.63045534854909	93.3137948097634	-80.0129716332217	4.1453830443444	2.91021808087582	76.3767956614366	12.2156566087532	2	0.948236385123573	149.222266382976	-0.212001842840181	98	1	
12875570	kata-katta	6.69606047875391	87.2322361305469	-7.08503999080761	1.05580120681124	4.99423135706532	111.527405635046	23.0391076189763	2	0.486354354241103	530.800479878774	-0.0728011871594538	102	1	
12875570	reason-risen	1.13140581368563	83.0569087108202	-21.5076537219851	4.14455346559551	3.76968441027889	82.1592894968787	17.5637122441042	2	0.851878467324791	308.483987793697	0.036404412868283	93	1	
12875570	toru-tooru	16.6800786449453	75.779533831575	-17.3960826180832	5.59303431276144	3.91854998967372	92.4578722385171	17.7314547701289	2	0.77363563832691	314.404488265126	-0.0567292981018597	98	1	
12875585	indent-intent	11.1761238103022	88.5812904363752	-49.8163799909177	2.84882202424126	3.09355934217935	74.2443619769986	13.9746276218489	2	0.919224467370476	195.290217169341	-0.058302637112324	103	1	
12875585	kata-katta	6.00017142298229	81.0214561780059	-20.7342582533034	4.04632796464905	2.30316839954047	69.3641509051091	18.493034786538	2	0.734221643419022	341.992335616105	0.0753024083656302	105	1	
12875585	reason-risen	8.77036927746531	91.738258712945	-22.4451198030798	3.64362459562544	3.9624070487165	76.809369005551	14.5197378072476	2	0.893320724937683	210.822785991214	0.0457647181837488	101	1	
12875585	toru-tooru	6.01389376333512	78.0069939568297	-13.5411472554424	3.83477130373674	3.32196883171463	108.710547019674	22.5407615453603	2	0.663498224368098	508.085931044795	0.0408689703222275	103	1	
12875592	indent-intent	18.2240481114744	86.5097789139558	-85.9995077774467	5.7506121438139	3.34784206639893	69.5228108320175	11.318434158971	2	0.940067363690624	128.106951810962	-0.179937498477749	103	1	
12875592	kata-katta	0.0793450658339194	75.8850413509448	-11.7002067965272	3.38078037213946	2.02028958688934	100.316130873023	18.6395734274289	2	0.662504412822354	347.433697556514	0.0986447095509157	105	1	
12875592	reason-risen	34.9191584775706	71.4105724027986	-67.8992562765787	1.00001300173258	4.99999999235168	88.0012199259939	11.0322373284782	2	0.823212814921466	121.710260471867	-0.108955092906333	104	1	
12875592	toru-tooru	9.52771477447101e-05	99.6172567645475	-13.6053984843006	2.91877153923734	3.80490491004605	97.7622295671308	17.4608163437562	2	0.803395403644614	304.880107390383	0.0268300452112319	102	1	
12875599	indent-intent	2.08268558666571	97.4366600263591	-96.1502532211675	3.90124048096847	3.3166736315062	83.509411380852	15.103161584667	2	0.94463637310312	228.10548985256	-0.35701127737043	105	1	
12875599	kata-katta	50.3291023693647	53.7751219388999	-12.1599146717123	4.16956418403897	2.13694685410172	89.0705955207007	6.09903164211519	2	0.231723864637499	37.1981869715223	-0.151099043892424	103	1	
12875599	reason-risen	42.6105954960096	67.4304628537196	-3.68739508696055	1.00231137190964	4.99978529641833	59.2555888168057	10.5435537577622	2	0.381781833867895	111.16652584282	-0.0980909258240183	105	1	
12875599	toru-tooru	50.9585094543551	54.9350654003097	-23.313671846935	1.6177138547217	3.91438391061413	136.533602718554	5.41825920538903	2	0.327793358924484	29.3575328167829	-0.278146465488783	103	1	
12875600	indent-intent	2.10153535425196	88.2187664993362	-151.96729603247	3.86610041975815	3.06047992570294	80.8595865291844	25.0723804562606	2	0.842580678736319	628.624261743476	-0.148931271122002	104	1	
12875600	kata-katta	7.19873406392086	74.1169659620164	-23.9993191971047	1.93342315039113	3.2162783838771	103.597439597216	20.6229543024965	2	0.768968952367638	425.306244162859	0.13687279426742	104	1	
12875600	reason-risen	0.000377725769427351	99.9961946115844	-45.7700185024896	4.18358726224176	3.57632034685526	85.4026182024737	17.1697066195975	2	0.925681670947873	294.79882540305	-0.0116384790296131	105	1	
12875600	toru-tooru	2.00183305332224e-06	93.2465173986002	-44.7436190553646	4.06443070283728	3.42586137758205	91.2619174430602	16.0834932125883	2	0.923810128347411	258.678753919375	-0.19112023775164	105	1	
12875608	indent-intent	17.1790753355278	80.6323756455611	-26.3742561651637	3.66260486849339	2.66914310618541	85.9632786060311	14.8010560148324	2	0.843547111912737	219.071259154207	0.0114165906009955	95	1	
12875608	kata-katta	11.7758293529771	76.5510756154104	-4.142614178836	1.0030479740303	4.99963538673867	112.222185205379	23.1239052833546	2	0.315101114610896	534.714995553554	-0.0639320928157572	102	1	
12875608	reason-risen	13.8182954225008	80.4699865848312	-18.8413567867533	1.00000860656383	4.99999997772158	93.9178587578821	15.9426192692247	2	0.818743312110659	254.167109163455	0.0500962181028667	103	1	
12875608	toru-tooru	21.893286210831	77.2507407300381	-19.6889574733865	2.48972121124206	4.44327648576623	103.751672666815	17.8045638073487	2	0.76778605218538	317.002492369951	-0.149541882561863	101	1	
12875613	indent-intent	9.46159605495953	91.6830152354973	-104.013786880151	4.3559898733542	3.16201311649644	77.0902536807205	16.8953142638635	2	0.911037194538521	285.451644074709	0.0218448619068125	100	1	
12875613	kata-katta	8.84293950872275	90.0111095325702	-24.6769173912965	4.81198138233405	2.7286436405436	81.9491200030975	20.8848173419315	2	0.784711342603945	436.175595405843	-0.175908313705946	100	1	
12875613	reason-risen	12.3968805797755	95.0937918007419	-36.3932972614593	4.18261778468691	3.78900888395017	13.3720910563881	22.5708820661095	2	0.797712471940693	509.444717242222	0.121930509884303	100	1	
12875613	toru-tooru	8.77932826601479	88.6057203878455	-83.8689017740091	3.48425575300998	3.33209624259041	92.1980226894166	15.9279445544207	2	0.917098849228595	253.6994177287	-0.0916850008923626	100	1	
12875617	indent-intent	13.1176639545961	88.7685332429222	-62.8848139831382	3.96659519371798	3.77779587219518	79.1291986556056	15.0829275399323	2	0.915049864644182	227.494703174848	0.0652627002952867	98	1	
12875617	kata-katta	12.9500859573529	97.9900681089181	-20.6066661340108	1.05908622185064	3.349677717134	94.8237568941602	18.5258722251563	2	0.831467013102857	343.207941702817	-0.0747527151334369	99	1	
12875617	reason-risen	15.474959582196	89.1997993674021	-790.45697630033	5.76989653034771	4.3838757241801	7.98288590245662	13.0103070487556	2	0.942009130169352	169.2680895029	0.0601532137176032	102	1	
12875617	toru-tooru	14.6836923911106	93.9529384814834	-50.2984463948485	3.91446432827097	3.88501743611237	103.480126633929	17.7650749002389	2	0.890615504168971	315.5978862111	0.0453977063146097	97	1	
12875627	indent-intent	3.55619304714022	99.9031999165384	-101.850815794173	5.54788486148822	3.71774077156063	81.771208942884	14.5017706793191	2	0.951277779472423	210.301352835561	-0.090741787268071	99	1	
12875627	kata-katta	0.000702020209206788	96.6998308955181	-44.9818939206559	2.20599074052359	4.86098866094772	111.809642408448	21.6602004822421	2	0.876524119599388	469.16428493092	-0.0738463747812443	103	1	
12875627	reason-risen	1.56452518034472	99.9849497770335	-37.8134454021445	6.30010582594824	4.00458326047174	56.4774282096418	26.4315939504578	2	0.814408679869905	698.629158761875	-0.0433653901382702	100	1	
12875627	toru-tooru	1.97728885419381	95.3587143447259	-123.328771309774	6.77394105739706	3.33107485626065	98.4474711135064	17.5546260698581	2	0.92622006219651	308.164896452541	0.202689677013485	103	1	
12875660	indent-intent	4.96385516065189	92.8296550343436	-295.854180163055	4.12100503826578	4.04573757770759	88.3982491640218	27.0461664382945	2	0.837603129823146	731.495119007928	-0.0901089017971489	99	1	
12875660	kata-katta	19.0962003649669	70.7493976135361	-899.578464461935	6.98993224817378	1.00466927690929	117.256781082524	42.0201288205132	2	0.354973752340635	1765.69122609252	-0.0863546320600637	103	1	
12875660	reason-risen	5.1034225513891	99.911473563242	-11.1411906082164	2.84990259614056	4.26601514080547	28.8743889414683	42.1689545208456	2	0.310656904343107	1778.22072538114	0.0303066939713575	103	1	
12875660	toru-tooru	0.521481664187694	97.3950259133062	-75.0572852399942	3.06921625257296	2.90507304475647	77.6871337234563	21.2803677091136	2	0.885484883146448	452.854049835084	0.0570387569678708	100	1	
12875695	indent-intent	39.6162568632005	71.4104950676517	-544.451432742326	4.50752860906708	3.0492975860863	52.9206567340982	21.7015429283035	2	0.555954586605362	470.956965469001	-0.0915046841544897	97	1	
12875695	kata-katta	17.3152965006672	86.9823788905587	-4.2430393843609	1.74359187843633	4.99893663699467	97.393722342423	20.4101408380853	2	0.366228705404938	416.573849030478	0.0161372448946147	99	1	
12875695	reason-risen	14.6789852551853	98.4255898240472	29.5456776365404	3.89116211591874	2.18651445071975	168.002303054647	34.5543237522631	2	0.595037943539986	1194.00128997621	-0.0240612605281522	103	1	
12875695	toru-tooru	16.0677631599516	60.9830792446474	-12.3761703362424	1.00000001374427	4.99999999985203	97.8247036168061	17.9974734147993	2	0.644423266982005	323.909049316408	0.126559777626229	100	1	
12875707	indent-intent	0.000232880000872626	99.9009538849819	-89.2899762420544	3.99417305875593	2.97278481326496	72.7451726323672	18.4699661870601	2	0.921771256956486	341.139650951144	-0.264316576427649	95	1	
12875707	kata-katta	21.9979324529	45.7533375628334	-399.998491482559	6.00168763239376	4.15762691470097	38.6071931107662	42.8197947089356	2	0.259004072701728	1833.53481891539	0.0290689277344595	101	1	
12875707	reason-risen	7.39720644027941e-05	98.9056115935954	-47.8159047503293	4.01259273626859	3.39314522857493	84.1213810992592	26.1394053935497	2	0.845379477785312	683.268514328336	-0.309278338328414	91	1	
12875707	toru-tooru	5.87626117207115	94.3300931957894	-76.6763435335619	3.60842636045996	4.38857711048766	73.6466132764431	28.6018714887161	2	0.805632332348508	818.067052657028	-0.165934177192426	105	1	
12875710	indent-intent	2.54806092006335	98.0907123150824	-141.574053449488	4.74030497580425	3.28440017852151	75.9331121386454	11.561854877134	2	0.967301291709699	133.676488199908	-0.432645393046815	104	1	
12875710	kata-katta	2.40914289953431e-05	76.7718990726704	-10.4242011086035	2.47412546508856	3.15812068031227	106.670185610668	29.8630654365506	2	0.504645269446131	891.802677267702	-0.206155375478128	105	1	
12875710	reason-risen	2.54691120971096e-08	98.3260248686165	-27.9706866775849	1.00000019247206	4.99999999931367	94.6371047873212	23.027620667959	2	0.82708047018695	530.271313627412	0.0606302874240314	102	1	
12875710	toru-tooru	4.49107033921316	98.6309642362383	-72.0670360179467	3.12762114189995	3.92139080054108	86.8752135626211	19.5076429996875	2	0.907639234418912	380.548135403256	0.136464895243586	103	1	
12875717	indent-intent	1.32318405797734	99.1937014527134	-153.768955148758	3.88720073430781	2.71030410826891	88.6966030322522	12.4599000229729	2	0.959450389646088	155.249108582479	-0.193621803738717	95	1	
12875717	kata-katta	19.0000990198126	65.1254877691768	-11.1701695033114	4.04352230542635	2.5447396073083	83.6061294975384	10.8897324284275	2	0.772633447637943	118.586272362746	-0.0990579079669196	99	1	
12875717	reason-risen	8.95012425398194	95.214945814088	-64.5653016321869	4.99921079586212	3.70757831928379	69.7312321561709	18.432405712035	2	0.902287378167089	339.753580333061	-0.118607327972607	101	1	
12875717	toru-tooru	2.85931195187634	92.6850767852105	-45.0469622303057	4.01368398989554	2.91025378729326	89.803319296739	18.7012019943849	2	0.884514193755406	349.734956034785	0.0772429416224341	98	1	
12875724	indent-intent	12.4523938429395	81.8694955600169	-35.4496985207575	4.28651537044698	2.80433318029281	73.1424980336826	15.0750891750775	2	0.86795232622913	227.258313636539	0.0418878201606595	99	1	
12875724	kata-katta	24.5737598166777	27.4285576593675	10.5417552946153	5.31054005892863	3.63844740930111	0.0577260324566566	7.17649721711258	2	0.154380217356403	51.5021123072246	-0.0176845053620989	103	1	
12875724	reason-risen	12.3337385827566	94.049129853968	-13.9682362838319	2.58177908850889	4.52766688344197	80.0040013701144	14.6802798698459	2	0.825688423933612	215.510617057001	0.0717322253294577	104	1	
12875724	toru-tooru	34.2645577166753	67.0604893232443	-7.87293820265105	1.00390597241103	4.99995316528009	98.58685056811	10.4753146520876	2	0.708025611011953	109.732217060242	-0.050133677249327	105	1	
12875727	indent-intent	5.69021638304222	97.7938967053731	-362.922841963505	4.27592242013492	3.34450540014685	73.9432582164842	14.9199399843233	2	0.947246813488164	222.60460913581	-0.0590838009477617	101	1	
12875727	kata-katta	2.89653360208938	98.3378805206627	-42.9372295030488	2.42636564172959	3.94448207579452	92.8516921841787	19.2167900779018	2	0.900119077257845	369.285020898147	-0.0723322628118691	101	1	
12875727	reason-risen	1.24974618638173	99.2212903330404	-63.0830569560017	4.07978820461474	4.77709093795061	95.4355014019374	13.4774963150892	2	0.95327437804844	181.642906923243	-0.150835394423997	103	1	
12875727	toru-tooru	4.66358157010698	93.4100731810389	-108.142334099652	4.13190841430061	2.58697845649597	106.983038082069	18.1376152585856	2	0.902172480787031	328.973087268478	0.132046657566362	103	1	
12875730	indent-intent	1.24562795700088	88.5335729749542	-51.0553009710054	4.22769281130066	3.38863371378348	80.7694008907105	12.5184836964238	2	0.947866271890729	156.712434057628	-0.034785614028116	103	1	
12875730	kata-katta	82.1067376778835	86.8525840455188	23.4643320273823	3.81230114266727	3.66841750861402	0.391035034132813	12.4609805650387	2	0.183716408858996	155.276036642271	-0.0512257760012918	105	1	
12875730	reason-risen	3.73386351481172	28.1195904334905	-17.0186395401256	6.3255771248896	4.34384307224979	62.5153701973913	15.2893545409186	2	0.559454202942242	233.764362277907	-0.0105751292598248	105	1	
12875730	toru-tooru	2.77394643070457	99.9810825924137	-51.7255464523353	3.26872197980032	3.9406034628722	87.1220977915358	13.069310911038	2	0.954855288301296	170.806887689376	-0.14955231725007	103	1	
12875737	indent-intent	8.77801961084252	98.0522574759328	-72.9063752629542	3.85745052290688	2.60751927718595	80.3813358706458	10.2992983055028	2	0.961209716294319	106.075545585733	-0.16476841986503	105	1	
12875737	kata-katta	26.5059152704845	99.99798369157	-15.0772635806075	4.37162406223014	4.1302716589888	12.9465532827855	23.9557516805637	2	0.595612668505215	573.878038580831	0.190668593348606	89	1	
12875737	reason-risen	4.70142772323773	99.999756420344	-36.8541233908262	1.07006088859573	4.96730084610537	87.2190706760116	13.4362750115096	2	0.935520753188735	180.533486184918	-0.226676568392607	100	1	
12875737	toru-tooru	6.18814323308763	97.6765609002418	-22.0404024910897	6.00121838782083	4.41547172493416	87.6834777852229	18.327393624613	2	0.853748441100833	335.893357071507	0.0749848020643708	103	1	
12875768	indent-intent	1.28069669532042	99.9965358163453	-56.668752838981	4.32779800139532	4.18477878864938	94.4959913437945	17.5109357823165	2	0.925381926891744	306.632871972413	0.30187705377688	105	1	
12875768	kata-katta	9.21051435281983e-06	85.8811289813609	-22.7706387969995	3.90697031506898	2.90330787027312	82.4706269202145	22.0892077941733	2	0.787582702443545	487.933100974166	-0.0627334240465053	105	1	
12875768	reason-risen	15.3081586908518	94.7305102580261	-21.2610927391337	5.37645154149561	3.35562509993504	67.3165647099667	25.236529895962	2	0.720717318136833	636.882441189783	0.00523470554205291	101	1	
12875768	toru-tooru	1.35015250996018e-06	92.0483679937697	-30.4891954190737	4.49365423350414	4.48191894771086	99.0235363861022	18.9031327495592	2	0.881538337514078	357.328427747456	-0.110152341124068	104	1	
12875787	indent-intent	0.00298118096564998	99.3739134048821	-78.892019018768	4.49541301871043	4.07708920382746	88.2010768799518	15.8572164831397	2	0.9425433778885	251.451314593156	0.21485520735647	103	1	
12875787	kata-katta	12.7793965253352	80.0529656708364	-29.8121834698265	2.59640023578573	4.4928841398425	97.0779701033917	24.813107499673	2	0.742441337024224	615.690303790327	-0.017015915460703	105	1	
12875787	reason-risen	1.97446077972927	99.973683576096	-48.292935935306	1.57031095692834	4.79220217702637	85.3559356320825	17.9681241274742	2	0.911016431608037	322.853484660321	-0.210615086935957	105	1	
12875787	toru-tooru	8.88545253999303	95.5621828146921	-58.9334585035205	3.19642726819046	4.47016808221608	92.5692783348079	16.8230294798441	2	0.915504023281855	283.014320879705	0.144761787184851	104	1	
12875816	indent-intent	5.07301677943334	93.322721765248	-574.70143283522	4.64789325371439	3.3075840020267	80.4120202447105	7.85823225870686	2	0.983530593573548	61.7518142317811	-0.275513393051463	103	1	
12875816	kata-katta	49.6443859610962	63.0059241493878	129.754622123281	3.12038452911414	1.78030758539717	71.7456846013911	7.54034203066654	2	0.447038700934145	56.8567579394364	-0.051425156624872	105	1	
12875816	reason-risen	22.1042929964326	76.2523510371074	-24.3753959707356	2.80659491178445	3.10864177204889	70.0935567858213	15.89970992602	2	0.799676888594051	252.800775731577	0.0189700768951857	105	1	
12875816	toru-tooru	9.03744334986098	82.0488401907917	-13.584342294028	5.11760496240494	3.02638558053255	100.351987146272	17.5680874575433	2	0.752374953852852	308.63769691589	-0.0792877146626296	104	1	
12875837	indent-intent	8.64744135435483	87.5197578109925	-47.0724368034213	4.20889372062156	3.15841783413175	79.6412820277702	17.4494931474069	2	0.884513227325124	304.484811101401	-0.277180194905506	100	1	
12875837	kata-katta	2.44500785248515	97.9994218812559	-17.911883113247	1.00079434628455	4.99992201169072	110.573576245855	21.5954696074194	2	0.777548891101685	466.364307564973	0.0204677461546281	102	1	
12875837	reason-risen	7.11891688368604	91.0106090360295	-54.6058265068836	4.60994036469206	3.77078034162856	20.5349825360344	19.0667006631272	2	0.874266590818985	363.539074177295	0.0437371459974076	101	1	
12875837	toru-tooru	15.5190212542004	94.0277300278852	-87.4516899639641	4.35227271974517	4.09391288196778	84.591602224641	18.5432693347385	2	0.891196243484882	343.852837620652	-0.0847840913133267	105	1	
12875838	indent-intent	1.3453440811992	99.4875421005945	-334.964875351993	4.11516491270692	3.90174669267621	87.1576909863732	17.0733783484758	2	0.938618517067863	291.500248230204	-0.311297648031571	103	1	
12875838	kata-katta	11.6391497920153	68.0094973611167	-171.453120499187	1.77820946648377	3.08167740238542	91.1545758100154	37.420251268808	2	0.570438959636626	1400.27520502072	-0.132613025904351	99	1	
12875838	reason-risen	1.50851105951408	98.6121854492649	-62.1802994872866	4.57893341318449	4.56213055590966	82.2899320599517	22.573331272955	2	0.878637365650138	509.555284758567	-0.0712285857219728	98	1	
12875838	toru-tooru	7.55956025306759e-05	94.6847320531975	-117.013812176064	4.29181124500165	3.44637142391015	97.4187886820506	22.0082084263387	2	0.896132161553586	484.361238137165	0.0182299616507458	105	1	
12875847	indent-intent	7.1554577554465	55.7494123919949	-14.2003543381952	5.4570933333945	1.88532946454499	74.4395945275492	20.926450740081	2	0.461668337253241	437.916340577037	-0.129228120260209	104	1	
12875847	kata-katta	7.10611823255706	51.7016235898496	-6.61031362758127	3.47403190900808	2.42646546951546	77.3673914479986	18.3773976209073	2	0.462698361067399	337.72874331693	-0.143949155403699	104	1	
12875847	reason-risen	36.0610891086406	55.4671027894198	-249.335115425479	4.03284812846003	2.29961886059796	63.5667179234955	24.2022051341288	2	0.286390499270646	585.746733354448	-0.0266333021004122	102	1	
12875847	toru-tooru	15.7583828344546	79.7286495006638	-67.8081806243264	3.66432487783272	4.43492036042481	104.137833854076	13.3239658504231	2	0.912456450161933	177.528065983241	-0.0418017617148892	101	1	
12875858	indent-intent	16.0993148986144	91.2735596491999	-146.174525458827	3.91511531466797	3.27859903309398	78.1305970224495	12.4695277826882	2	0.943578189669337	155.489123123232	-0.106880880486211	99	1	
12875858	kata-katta	40.1381871453508	46.5420459032961	4.48402502465525	4.36591384082789	2.71705780736095	179.899831825612	31.3639968273207	2	0.0654995548063194	983.700296984181	-0.0519651710370212	97	1	
12875858	reason-risen	13.9042098222113	85.2613311298557	-64.573737544198	6.43649793515946	3.95087720383411	79.9440327438929	13.6281879091291	2	0.922996237850345	185.727505686533	-0.0882904345517543	92	1	
12875858	toru-tooru	14.3128561540689	82.7595429650042	-14.0515278618157	1.01880227321501	4.99847333015142	109.276460882171	29.6834108046266	2	0.561056149998236	881.104876996225	-0.145602773320294	102	1	
12875861	indent-intent	31.7204346441429	71.2183006838206	-9.03730895665697	5.12600054011538	3.58179075427391	74.8254150082904	8.36068194849802	2	0.833823768203529	69.9010026439406	-0.0529208048386512	103	1	
12875861	kata-katta	40.2169845318784	54.9159697758791	-4.5876757119195	4.6023462012543	3.20065052591601	71.3817748534024	4.3307196831728	2	0.763973944711104	18.7551329742203	0.0190067113504487	103	1	
12875861	reason-risen	13.9402777170783	74.8895341480587	-11.578353939012	2.31629953499866	3.78436918600944	79.8250516070825	11.1822654164943	2	0.851546108263499	125.043059844924	-0.140924382031745	98	1	
12875861	toru-tooru	36.0079478583941	66.6702011845612	-3.33583718190488	1.00051403188639	4.99995605791821	109.444084308193	4.36783336766051	2	0.800780820981866	19.0779683276486	-0.122361334974115	104	1	
12875873	indent-intent	9.88330970947885	74.3208730241932	-27.1610665269378	4.71830214614725	2.77574758216265	75.822389098278	16.1643838011857	2	0.820194612332913	261.287303672035	-0.129542194869112	98	1	
12875873	kata-katta	32.7235306885625	75.4818287119514	-28.5223149715915	3.88872969611409	3.26430858164523	92.769271297271	10.7217405312461	2	0.865189992657288	114.955720019365	-0.173804138811238	103	1	
12875873	reason-risen	10.0008666247162	87.0780547281082	-16.9666786784306	5.22788611750224	3.48581848919737	57.8300808441139	15.7372120095012	2	0.820076739712924	247.65984183199	-0.169069955982057	102	1	
12875873	toru-tooru	20.9505320002384	72.2153234254347	-692.437490398587	3.66825120084845	3.45673172137561	76.5232894283868	15.4689588719771	2	0.853590620192051	239.28868858292	-0.0587493571220576	103	1	
12875885	indent-intent	47.7822979953167	71.6408534170226	-490.807140071817	2.94595739322621	2.62262449997078	31.5696700893751	25.2073199279252	2	0.364288172224256	635.408977948777	-0.237353780381602	104	1	
12875885	kata-katta	33.4424188469189	45.6565143788819	-164.303640205519	1.35133224102517	2.72002138415748	38.8971747303162	26.9777653086558	2	0.212365272506639	727.799821048915	-0.0144489873853345	103	1	
12875885	reason-risen	54.5779058454044	89.0289247332815	-15.1415548647656	1.04496516713106	2.56003806007142	0.010000000063684	28.5629419838818	2	0.358211070610338	815.841654774595	-0.00724379916655551	105	1	
12875885	toru-tooru	4.09784739719409	93.8715659731246	-39.8970939630163	3.92575672116418	3.97253346987767	103.609869448403	27.4749610916864	2	0.800196281607188	754.873486989683	0.0461915084323377	104	1	
12875904	indent-intent	6.4365153763906	98.0827917004159	-47.6157752424998	4.05124455468663	2.81257899025994	87.4657510502019	20.3125835945714	2	0.868420160587652	412.601052286451	0.11027343899555	100	1	
12875904	kata-katta	49.7587341447196	49.9647336785772	-0.68355911811806	4.00453238478702	2.88317140998248	91.0588451942824	0.655922004092626	2	0.13784719075483	0.430233675452887	-0.0475969293373231	98	1	
12875904	reason-risen	0.405034509154534	92.8890302089479	-82.4866640732078	4.06190041339509	3.14932056399035	77.3669859413614	17.6041225288116	2	0.917536290966466	309.905130009411	0.0833624735575477	104	1	
12875904	toru-tooru	5.40207327982013	89.9728949583748	-41.8166656898663	3.96883845953053	4.24138554437206	97.2799274812681	21.9263233464805	2	0.851500774738421	480.763655494414	0.0402779374212762	102	1	
12875966	indent-intent	9.95916108986578	98.6253991113325	-343.419794950949	3.30832751719339	3.08249743669493	65.5868343340335	13.4043355495586	2	0.952114489728692	179.67621152516	-0.100505884385186	105	1	
12875966	kata-katta	4.51199482884262	86.1530906177391	-36.5975525336861	5.16746973101792	4.22012310436355	86.4286540109011	25.1785546001924	2	0.79871411317959	633.959611754869	-0.281464630672164	104	1	
12875966	reason-risen	39.1936308061488	56.3636545314743	325.084739551162	6.66944268822706	4.28920611449359	11.5239110378618	20.5765048681397	2	0.363337714895462	423.392552588575	-0.10004457015152	101	1	
12875966	toru-tooru	10.2018244796614	93.7260583023262	-673.796428018105	1.69729264175927	4.85029824449294	106.172377330996	18.1336102436794	2	0.914380012292695	328.827820469674	0.237303832967048	102	1	
12875991	indent-intent	22.4824869285404	66.3017893455565	-89.1105567766119	4.43972354595489	2.68232185507899	69.6958017957871	16.700192585368	2	0.746724647097785	278.89643238838	-0.108566098405063	103	1	
12875991	kata-katta	21.4420905832803	59.6847020993191	-15.9395639642129	3.17556600177541	4.8340895374854	103.928413924981	15.2255429585123	2	0.707071378512502	231.817158381505	-0.229028646454738	103	1	
12875991	reason-risen	26.9866671727551	81.3959186249573	-31.8631218802405	3.66122903318397	3.47021213314842	7.3251067150606	13.711214447095	2	0.846567310593101	187.997401614226	-0.124958422008094	101	1	
12875991	toru-tooru	18.7629377517368	79.1688292228564	-25.8254752505176	3.12319211025493	4.06136025640846	94.2350192668149	17.8913669052036	2	0.809901770648347	320.101009736614	0.0765697739275781	103	1	
12876015	indent-intent	2.333772247415	99.9799748073347	-96.7172762059046	5.94453458622655	3.16238507353996	78.2902020779745	13.06920827927	2	0.957287044464397	170.804205046938	-0.252393768209777	103	1	
12876015	kata-katta	1.29789579883057	85.4352727773988	-20.1311460406766	1.00000311478034	4.9999995667	113.704920580506	34.5902154642583	2	0.610887961089397	1196.48300586381	-0.134137927612955	104	1	
12876015	reason-risen	1.33187157488395	94.3238025098255	-45.1349198443533	4.00366635361859	4.17307439257814	93.8838910909541	23.1629725099291	2	0.860130820944094	536.523295495732	0.00117080440424415	104	1	
12876015	toru-tooru	10.418061915559	92.2503563057889	-31.7113410152957	5.26289410049187	4.70664630358733	87.3974236945602	23.7073135235676	2	0.802043886981212	562.03671450473	0.21669297713845	98	1	
12876034	indent-intent	1.11335300710505	99.9985453590315	-61.8831078159669	3.89071046771604	3.08026839781432	77.5432406313338	17.1229524082674	2	0.924318861718414	293.19549917579	-0.10271588077169	103	1	
12876034	kata-katta	39.2933411862114	63.3574732762333	-171.454036736033	3.66023888517073	3.22297050457195	98.8210425470279	10.1337099446396	2	0.749197215795974	102.692077242088	0.0923769924646373	99	1	
12876034	reason-risen	13.5503957768452	90.7737989664731	-27.1598403774951	4.21444597868845	3.86052667385585	100.129102054278	12.6700964903859	2	0.920796569380486	160.53134507569	-0.044270579282631	99	1	
12876034	toru-tooru	7.51047293611086	83.332429251946	-21.5211416786494	4.94497724706652	3.75447403343931	90.7073392043345	13.0595464983451	2	0.900704950542182	170.551754742439	-0.0181625488963335	105	1	
12876045	indent-intent	3.51342957744174	94.3353644855194	-632.316237377321	3.9350579044813	3.03542422706396	67.0112425676472	19.256930774827	2	0.912257574615999	370.82938286648	0.00275149678018309	102	1	
12876045	kata-katta	22.1868139318865	53.2949001629189	14.861228280764	2.90551271343782	4.71572187823027	51.630482999259	31.4638443394393	2	0.256513387804537	989.973500616469	-0.14940873826959	102	1	
12876045	reason-risen	7.75878171443001	70.9251471955224	-261.346685105316	2.61359432363347	2.38173666600862	103.97898118618	37.1854733762253	2	0.595523573274782	1382.75943021396	0.134298251509	99	1	
12876045	toru-tooru	3.64626754215155	87.6476845127736	822.385335509243	2.64195954326185	3.51822128439794	79.4500798496918	21.703410790262	2	0.885414799992085	471.038039930861	-0.161460134332389	101	1	
12876046	indent-intent	10.5937254105688	80.8418666446462	-60.8111577475723	3.68404769724593	3.5952913733462	77.3651462341954	12.0770203045686	2	0.935678936742614	145.854419436962	-0.0593663373960187	103	1	
12876046	kata-katta	48.2120786230979	67.9353382513589	-46.33563984206	1.03878509727512	4.9999657799503	92.5137335578651	26.4963336635411	2	0.320247081548315	702.055697609703	-0.287351459454324	96	1	
12876046	reason-risen	1.00112692333619	98.9987971637632	-9.7111473579388	4.50710979636985	3.78025238440955	12.8850329985185	25.1837873115907	2	0.477657557682431	634.223143355438	-0.0123059477538993	98	1	
12876046	toru-tooru	12.3090672599516	77.2559705171944	-54.4883292400232	4.37569409048965	3.41455726682724	101.001451019272	17.7243570102492	2	0.852124917992216	314.152831426772	-0.0871586895409824	104	1	
12876071	indent-intent	2.16818295940963	96.6544262355595	-122.940869660528	2.99087154195776	2.87114834073832	84.4079177488621	18.9047569728923	2	0.909093535587655	357.389836204118	-0.165914685630143	105	1	
12876071	kata-katta	56.5740445211732	71.6041925196443	-360.124248378883	3.47191459133188	3.38545957115147	16.5045189612039	30.8636563052334	2	0.23496957169395	952.565280527572	0.111250232721375	105	1	
12876071	reason-risen	5.95452372565289	91.2544416852482	-60.0849066717797	2.20820545678055	3.77027595969623	97.6259493103395	22.604180072969	2	0.85920373778366	510.948956771207	0.0689680524748152	104	1	
12876071	toru-tooru	23.0203662660137	81.3717122473483	-20.8702245260249	1.78041486949234	4.10288561418341	123.821168852735	28.5818613876602	2	0.601274605889265	816.922800383419	-0.127843381331466	101	1	
12876085	indent-intent	11.2501339667122	87.6355687221723	-289.600402533821	3.64363735950669	3.53367440968818	77.9051112955015	11.539212402881	2	0.955298746424679	133.153422878803	-0.0934684424108326	105	1	
12876085	kata-katta	25.0810290748219	80.2970037176061	0.649778438407459	3.3952448369914	4.71495514883678	106.063272298281	19.2424856973222	2	0.0664428486550701	370.273255811649	0.0250405257160397	102	1	
12876085	reason-risen	24.6796240804291	84.115553115133	-24.5361407447909	3.82740669775229	4.94137190229087	89.0570960185033	18.1508191837393	2	0.780799885972227	329.4522370408	0.056916499389437	105	1	
12876085	toru-tooru	23.6166215682311	88.3660617364818	-20.886499033997	4.83034402394737	3.40480113624547	93.7812569658512	16.5895369732516	2	0.821828318358197	275.212736986881	-0.0289435461501671	102	1	
12876106	indent-intent	1.00709135680832	96.7633835514904	-789.820589297596	3.22123780510799	3.39845784640135	76.5363233574481	14.8053327404371	2	0.951991375043861	219.197877555059	-0.301681961990168	101	1	
12876106	kata-katta	25.1355798368795	56.2877673107295	-14.1321590166149	1.19558183510933	4.99925604079174	77.588114702342	17.9397743236788	2	0.526779887849892	321.835502784526	-0.118329514890855	98	1	
12876106	reason-risen	4.95406828256439e-05	98.6621312390036	-33.9902711787354	2.68384886995231	2.88330480447936	68.2032712829039	26.2960398387777	2	0.794770964173785	691.481711202584	-0.125154466382333	100	1	
12876106	toru-tooru	8.38432446726454	79.1897351495446	-12.2346950054149	3.08843256325146	2.74283200025931	91.0121181853602	17.0681269094753	2	0.724572217152024	291.320956197955	-0.0878374426900781	100	1	
12876108	indent-intent	0.763070697312289	98.7800546750498	-233.214853726609	4.7034368055219	2.72036799416142	82.9628739105701	9.0382535336517	2	0.978900823431962	81.6900269385674	-0.151116101032968	104	1	
12876108	kata-katta	36.9684114552724	74.800452763641	-451.057725342887	5.77478033099904	3.26141837397776	108.88230817866	24.6394149433344	2	0.589790491945273	607.10076874981	0.0996645118419635	103	1	
12876108	reason-risen	16.9782528403432	99.8168408674109	-40.840497764245	6.12557500883036	4.90626268997652	7.0581346607008	34.9363095411575	2	0.633172827491481	1220.54572435558	-0.028649211245597	104	1	
12876108	toru-tooru	12.2745352222929	95.7313408114549	-29.1506297169138	3.9311475864539	4.35322096717051	98.0363469118874	29.6625903184335	2	0.73445022386628	879.869264399223	-0.167988760345264	104	1	
12876130	indent-intent	15.2706730217862	58.7554113384864	-10.1604757518912	4.12806560712351	3.21554353947001	79.8330139198232	16.9383136691178	2	0.628192606950246	286.906469953423	0.15765975451999	101	1	
12876130	kata-katta	7.03669502678729	99.9822595933483	-8.32534247651366	1.05059821780157	4.99806368533402	109.504663036817	11.9933102223351	2	0.782370686129086	143.839490089167	-0.0658319579753049	105	1	
12876130	reason-risen	6.07786425842562	83.7930294170788	-12.5766673597676	3.74456434487371	4.44374649426662	70.4931656590344	19.1096592636039	2	0.707660571587356	365.179077171044	0.177224920344336	105	1	
12876130	toru-tooru	17.3737597535415	89.6594415054124	-21.0719776250564	4.34804513305606	4.06552467551181	92.0159333294661	15.1308305511693	2	0.865883240381363	228.942033168199	0.0525308716353541	105	1	
12876131	indent-intent	7.1855658591712	95.0933777981558	-205.123543615047	3.84911505074214	3.38432982681103	77.9101411081195	8.20265113574145	2	0.981257085057827	67.2834856546805	-0.203067488505839	104	1	
12876131	kata-katta	11.8445086044052	90.6646895831642	-13.0538129917237	6.46843549280921	2.86285202749632	108.323328325768	29.7124509102256	2	0.541886436766806	882.829739092567	-0.104752280902228	103	1	
12876131	reason-risen	12.9485326395712	90.2498112921079	-21.8019442132259	3.99305312257321	4.33134555497311	81.9197741556964	20.2411410081965	2	0.803811299169373	409.703789313694	-0.139721877809592	100	1	
12876131	toru-tooru	2.85053745586183e-05	96.9876189966294	-22.5107661128232	4.09143442009956	2.52870630511079	85.4329359816577	18.6106970231379	2	0.83020992788706	346.358043687035	0.125768358888816	103	1	
12876174	indent-intent	14.6688951887372	97.6860546572879	-53.9780694470363	3.71081456533944	3.31374092326382	83.9486519300774	12.9374825712435	2	0.941170410996891	167.378455281229	0.156069730540722	99	1	
12876174	kata-katta	24.3701635080569	86.9962033710645	-7.29586969407727	3.99215335982595	4.42307623799662	76.2938794989144	17.7434417623359	2	0.581979471940388	314.829725573405	-0.0367994253987193	104	1	
12876174	reason-risen	15.7399238934269	94.0900513393313	-39.5733857834009	2.37989225518502	3.88250918105668	103.416824842565	18.1869092620794	2	0.875208839903693	330.76366850711	0.00562177567786533	104	1	
12876174	toru-tooru	17.2862771320215	92.5243528422031	-25.4366532982949	3.98702793875528	4.28425745827429	89.8326021291301	17.7560314897008	2	0.851851525060878	315.276654263248	-0.113614700157813	103	1	
12876203	indent-intent	17.5977516226393	90.5189134771711	-173.509385012666	4.05985893050969	3.40649593420816	75.8585030826278	10.0221303520139	2	0.960485043257276	100.443096792758	0.00314577517913691	105	1	
12876203	kata-katta	5.15399267241817	94.8396879249163	-19.8973246218212	2.08106338982717	4.67926669369194	95.1873051097485	14.0251095778365	2	0.895751237201562	196.70369867032	-0.102953640978536	103	1	
12876203	reason-risen	19.0774107591428	93.2281187453695	-50.3042034290722	2.5514972737993	3.57186891931932	38.5918343942596	18.6022931997206	2	0.84843398951589	346.045312288372	0.0946172430071589	105	1	
12876203	toru-tooru	7.46645765034733	88.1524425695018	-43.0097132106927	4.76453420085645	3.92814402157717	84.8702950503732	12.175421349088	2	0.943047703270274	148.240885027829	0.241901037425647	103	1	
12876234	indent-intent	0.659534766393903	91.7655076166171	-66.4152746134047	2.75722779129307	2.69710494535376	54.6507531157249	22.5507101856404	2	0.841541811881968	508.534529876747	-0.20425546125272	101	1	
12876234	kata-katta	24.4252086892448	66.0304720697337	-14.5060912058062	4.72069512914899	4.45343637018473	96.1860057517461	28.0645540484385	2	0.492775239240318	787.619193937727	-0.192389237015971	103	1	
12876234	reason-risen	14.2367527681352	71.514510198128	-42.332072245055	6.02175704795648	4.43576232554737	0.0100000032173568	27.1152629937983	2	0.668195473803945	735.237487222847	-0.0894142409979604	102	1	
12876234	toru-tooru	0.109526071543718	97.432845976742	-19.6004190864217	1.00004022064735	4.99999922381905	100.218954609062	21.2660147361859	2	0.802537254077419	452.243382759675	-0.0741839451383214	101	1	
12876235	indent-intent	6.28342935819234	88.506821204835	-564.244997652127	5.55443692802571	2.53393893991304	64.3632618043529	26.9907917029508	2	0.758009977322416	728.502836752077	-0.00521949786039321	105	1	
12876235	kata-katta	1.64759023059124e-05	80.7759751278012	-25.9112582839324	3.72437286393353	2.21998421052557	91.5155455143711	27.1645290139532	2	0.675473886657114	737.911636549904	0.218412255198481	104	1	
12876235	reason-risen	1.96669743437076	94.742811979576	54.7371516755633	4.17029950670447	1.23587097151557	179.899999999878	27.0913441141628	2	0.754202048104873	733.940925911982	0.0143181404409168	103	1	
12876235	toru-tooru	2.30745189884237	93.9450159987368	-34.9220916039068	3.15030281555102	4.87524952755136	111.683569920577	18.3172484530645	2	0.888201315681223	335.521590891295	-0.0796817216923155	104	1	
12876260	indent-intent	2.92354968720345	93.785111942811	-45.4572488372839	2.93518236262556	3.24698666363771	76.2855383664866	14.9724963986899	2	0.928007632484082	224.175648408783	-0.07173075530383	102	1	
12876260	kata-katta	17.7682558086872	60.0208570418585	-15.9677855031361	6.59411058418215	3.53401612182445	128.717964395835	30.3808474097922	2	0.402132709094086	922.995889337075	-0.0901971533085092	104	1	
12876260	reason-risen	12.107727799804	89.7134838116758	-35.2562994665309	4.97758321593327	3.63674213664673	41.9423896324435	25.5764979972378	2	0.755171749590231	654.157249802711	0.0412185300448471	102	1	
12876260	toru-tooru	19.0458521265569	88.4151210064383	-39.4971403859084	1.62150811077814	2.65820020744513	87.2581950468435	21.5513509393511	2	0.778803602412663	464.460727311071	0.119532787867442	103	1	
12876401	indent-intent	7.94729399276212	92.240742101613	-57.2735393390305	3.84951776498982	2.91895284538044	81.2503786836783	13.0759488564193	2	0.935926150284549	170.980438495694	-0.184879099911369	103	1	
12876401	kata-katta	47.9384527065466	62.9313474876354	-495.672501121002	1.1500200519086	1.48170920201985	147.408672725644	22.5760606579995	2	0.310592021551853	509.678514833674	0.0733117731180346	89	1	
12876401	reason-risen	4.70127566146547	95.147857033081	-16.2450695738029	3.51765226265539	4.51241902419115	74.8263370227695	18.1210013026733	2	0.803504414208141	328.370688211488	-0.174923118166141	99	1	
12876401	toru-tooru	29.006732535691	68.118481513999	-123.20269540315	3.98060875889676	3.55135136234129	102.889587508783	21.901494084806	2	0.648495242079407	479.675443146794	-0.166072157830686	98	1	
12876451	indent-intent	2.55717900882004	96.0546946221374	-43.3517603366839	4.46626875646418	1.33136262960619	79.8306950449232	22.5373516011887	2	0.579105785352911	507.932217195604	-0.264917342964512	98	1	
12876451	kata-katta	42.3747298651037	75.3446926568898	-382.677615579093	3.80825593904445	4.32806559289778	56.4865736640442	43.1209516771222	2	0.330346067028919	1859.4164735407	-0.130121172074484	99	1	
12876451	reason-risen	5.57618654457912	85.1741814285903	141.993228042592	3.24925285098911	1.17305946489216	170.546219631325	28.0709783035545	2	0.796278674842455	787.979822918627	-0.199078864358528	90	1	
12876451	toru-tooru	0.407060226738569	90.0254164382323	-252.87868245093	4.11763605696219	4.06589773289925	98.8563894045999	21.7282991288147	2	0.894540918143131	472.11898303125	-0.21765032402252	101	1	
12876509	indent-intent	2.39518691577926	93.195609766217	-59.6451008519707	5.82835019595067	3.61961610565982	76.1498068255912	12.9926396080716	2	0.950668749653812	168.808683985231	0.0184895028543532	105	1	
12876509	kata-katta	10.7122662023437	74.1571194998184	-18.4241795573116	3.97274431655857	2.97569067224868	98.9217328641984	16.4541126918555	2	0.789282725515492	270.73782447628	-0.129951801919609	103	1	
12876509	reason-risen	4.05213291029904	97.3881372091453	-15.5921238941207	3.52623449472388	4.25513608420271	90.6108639484053	11.4919875226485	2	0.909818397672362	132.065777220708	0.0760579047295886	105	1	
12876509	toru-tooru	8.28350575142466	90.3239750866239	-120.307747894533	1.43160604726296	3.70755613701281	104.636062275268	17.2391430910476	2	0.913241607102036	297.188054513615	-0.0545001241886705	103	1	
12876660	indent-intent	5.73687120134226	87.223261151355	-37.2999645952731	3.04591298147891	3.28855108177754	84.4268351239654	12.1365316617674	2	0.938182926317213	147.295400777082	-0.224838724582928	102	1	
12876660	kata-katta	18.0355025351561	92.8063404963072	-2.61349845059849	1.06347944600047	4.99773586311401	104.544220851578	18.0423995889922	2	0.271233662747104	325.528182928866	0.150978944247389	103	1	
12876660	reason-risen	1.00534965517265	87.6267260641604	-24.1230637554533	4.20848226505656	2.86542940045637	83.8349477757992	19.5468387996017	2	0.822791926478995	382.078907057613	-0.0287410150017832	101	1	
12876660	toru-tooru	6.14980075343429	94.5886298106558	-18.027629278599	2.45624617708856	4.86098253749932	106.302306274113	16.4374091618015	2	0.846081478004888	270.188419952476	-0.155284604973763	100	1	
12876690	indent-intent	23.2736136891672	68.5527582408791	-17.3788904724855	3.57340241111017	2.70176777855351	78.4701695823106	11.8375832175984	2	0.800636732615192	140.128376433568	-0.161739822008671	104	1	
12876690	kata-katta	33.4335172764471	54.3974149228075	-7.45932526822303	1.00000050894062	4.9999999974972	84.0252096538051	11.2544309738345	2	0.547281990320926	126.662216544804	0.0831824980503929	105	1	
12876690	reason-risen	27.1181047460405	83.4416538827756	-22.9568172733915	3.99157224764711	3.88988067147251	7.7391624288075	13.985746365713	2	0.802488601301934	195.601101406053	-0.114875852994928	104	1	
12876690	toru-tooru	17.3351656343555	65.8227016041575	-5.81834487978574	4.40569683502281	3.11371563376813	91.5253594621222	13.4184171079685	2	0.598547523949995	180.053917683421	0.0225084055197949	105	1	
12876725	indent-intent	17.0818278376544	85.1004356394539	-63.0493390640073	4.07276365541205	2.85784800759245	71.733631739016	15.6569168048638	2	0.87809197412233	245.139043834425	-0.252172167838857	104	1	
12876725	kata-katta	14.1272358315132	60.3974963446847	-7.51246769470991	2.57652901892875	2.38492472728388	106.544737392969	23.1198374535237	2	0.427490984821685	534.526883877356	-0.00336407877368287	104	1	
12876725	reason-risen	10.2029350176492	81.117529256839	-44.7750456905707	4.18628304287066	3.32374817563533	88.8709501220502	19.1722446084084	2	0.847873027404132	367.574963324643	-0.0168044080562273	103	1	
12876725	toru-tooru	41.3234523213671	76.1494252022314	-267.829401060426	4.74869854092511	3.69139033687519	81.2554593138531	15.3949278773875	2	0.743795597115407	237.003804349962	-0.198596748021593	99	1	
12876777	indent-intent	12.1416392136014	85.9061271578971	-123.670024625651	3.77057532630266	2.83882000170928	74.0052247729779	7.53437219740555	2	0.975234108157175	56.7667644090378	-0.0579917031430666	96	1	
12876777	kata-katta	26.2931905308459	69.7036430229483	-6.30146951741169	1.00000208811165	4.9999995760216	117.365878143107	28.1714680633829	2	0.33453943796668	793.631612846204	-0.148113860718553	96	1	
12876777	reason-risen	7.92174292291676	96.0160872730483	-31.7445329368614	2.98508156523765	4.58005117334614	80.2343329569516	12.1524061020959	2	0.937885121447984	147.680974070258	0.312701985822099	102	1	
12876777	toru-tooru	9.24827786865732	84.9931345562954	-40.0218763036244	2.94336103585508	4.62653018255969	92.0074195916267	15.7337704207155	2	0.89710339021306	247.551531651781	-0.169549858785073	102	1	
12876808	indent-intent	1.00018365009499	78.4673470615639	-26.4600398005278	3.30433221148216	2.18253116323866	78.3741367470305	30.36781143791	2	0.596515788641872	922.203971528456	-0.107189911910566	105	1	
12876808	kata-katta	31.9497287272479	83.775509589769	-71.5736449904505	4.6117397119528	4.35140457545272	81.1148543883234	35.0260364251499	2	0.571890281078829	1226.82322765593	-0.025220943583501	101	1	
12876808	reason-risen	6.10457964286681	88.1175290418861	-149.478686187268	1.74293519478038	2.40739581325005	0.0100000028838281	28.7830984965135	2	0.788374997867826	828.46675906	-0.121800405305805	105	1	
12876808	toru-tooru	1.00307128872526	99.999393966445	-35.6615951211636	4.52522792619482	2.52330448439359	90.8257964365346	20.4709415796329	2	0.853647211993889	419.059449156744	-0.318900698903301	105	1	
12876840	indent-intent	9.0080655963132	96.4251043979219	-909.953313950731	1.40515550342314	2.79321782067753	68.3942259976481	17.6308989994651	2	0.917271805418575	310.84859952934	-0.256660213633815	103	1	
12876840	kata-katta	11.9234691828936	91.3723818304179	-37.812217120818	4.91030286489937	3.98107679168158	93.6825328717669	24.2657686979375	2	0.807457553374566	588.827530501805	-0.0571034317124321	105	1	
12876840	reason-risen	14.7548625344415	83.85273978752	37.7163776886087	2.88354315376465	4.11646039167542	175.577422048418	18.9807666775422	2	0.824657503432561	360.269503667297	-0.0261999011327679	100	1	
12876840	toru-tooru	16.3602474295446	90.1591133764447	-55.624280574792	5.48726111006836	4.39541703041703	91.5692070140285	23.1868161003152	2	0.818984546842318	537.628440869838	0.163063769993272	104	1	
12876867	indent-intent	6.32122956131022	95.7640485712084	-106.366578960097	3.93840427250114	4.21838456890889	80.2948425045665	15.8275840256705	2	0.934732672358863	250.512416089661	-0.0707077677687413	100	1	
12876867	kata-katta	28.4765474822326	40.8680538215006	74.289247869564	1.11335330371811	2.73601936464939	5.22003687189473	42.9596432609236	2	0.124305956841725	1845.53094910582	-0.0794355297967735	100	1	
12876867	reason-risen	12.6399142026441	93.8846279255891	-87.8745576146054	4.27186338537907	4.4201700815427	92.7186848659311	18.5383407435846	2	0.898449197424295	343.670077525249	0.15695006053936	101	1	
12876867	toru-tooru	5.34840932750894	92.9242413954099	-453.146586830931	3.98049389857798	3.50704675630506	100.494583499284	11.4008223648592	2	0.966035398623024	129.978750595073	-0.0453098375264881	102	1	
12876993	indent-intent	0.000142729978012124	85.9043427335921	-20.128079272692	3.94391291079016	2.8018457673172	81.5703563335824	24.0402025281658	2	0.738558075897671	577.931337595227	0.0604007165099439	103	1	
12876993	kata-katta	23.8120328233687	50.8780763738204	-540.077958364974	1.81225077300198	2.21180327788643	58.6340991970759	22.8654884395383	2	0.409321299339866	522.830561578661	-0.0545073591938127	101	1	
12876993	reason-risen	0.000147795791155925	85.2202722573266	-17.2866349704645	5.99165847085252	4.36694466875502	4.50543611379169	27.3525453582322	2	0.604267769620179	748.161737574147	-0.0364258434089249	103	1	
12876993	toru-tooru	4.07068435980817e-05	97.2652828049272	-12.7114740460493	3.12595328843635	4.03843999470456	110.570043371503	26.1357244034345	2	0.642222598980414	683.076090092283	0.0982037435342013	100	1	
12876994	indent-intent	6.99818452375553	98.3339529810964	-62.076477762396	3.93411137120747	3.30641314207833	79.8167259898423	21.5762260453263	2	0.879004063056043	465.533530359018	-0.309917262050755	97	1	
12876994	kata-katta	0.000474624171118154	70.5990237477511	-6.40287723308344	1.00084192916355	4.9999044822009	111.790883084253	27.7486715919196	2	0.376820722397084	769.988775116206	0.224853298922682	88	1	
12876994	reason-risen	43.4251585660686	69.1768661034901	-87.2976307874165	3.64793338083726	2.81657131528532	2.36617029362796	32.8180557483886	2	0.312672408732932	1077.02478310434	-0.175540231591256	94	1	
12876994	toru-tooru	14.768685802117	74.3929889794398	-21.2686714205592	5.64316824138759	3.31326743897248	101.375692801758	26.8865639410341	2	0.634705217438054	722.887320555313	-0.172949692934133	89	1	
12876998	indent-intent	30.6209567987447	62.2730945571809	-30.0222844094872	3.60775152001377	2.84491953074889	73.1419078789049	10.8770641228141	2	0.778290523662778	118.310523931809	0.00333440535990816	103	1	
12876998	kata-katta	36.4490508451226	55.3382159146855	-8.39678770995326	3.79244006862639	2.84301307169646	96.4031663668118	10.2966106911363	2	0.569798554620361	106.020191724822	-0.13584759509053	103	1	
12876998	reason-risen	31.1642543058021	68.025599408395	-9.70618150317677	3.97247409910496	3.53844475613556	0.903564891572415	8.22488880852401	2	0.790677973653573	67.6487959125835	-0.20242839558923	103	1	
12876998	toru-tooru	25.1562651669282	72.5418516431519	-4.59036980526979	1.00093184006407	4.99996346529137	104.004516977686	10.317540067808	2	0.623143650390429	106.451633050824	-0.160990893361476	102	1	
12877091	indent-intent	4.88168775480648	94.5904014979925	-69.5290272064183	3.3232703333614	3.05497453072702	77.5959983640293	9.82402371514577	2	0.969644478547776	96.5114419557465	0.244888461906083	102	1	
12877091	kata-katta	10.7025591155081	95.7594917267546	-20.3038723869765	1.83182106095357	4.98793367689556	99.2111391324352	13.9252265556074	2	0.890585411093983	193.911934624994	0.0984480566250626	105	1	
12877091	reason-risen	1.00017999997672	96.4428839647333	-25.8372032294453	5.36526289567379	3.53434455717091	93.5270562071532	15.2078840469838	2	0.909286224923894	231.279737186505	0.106652194289225	103	1	
12877091	toru-tooru	4.21411837416613	95.0244046907731	-44.7438580664514	6.01782338186247	4.7328999768441	105.080491352691	15.1031285122752	2	0.928685003251203	228.104490858299	-0.107340704902317	104	1	
12877107	indent-intent	4.68763294654519	90.2045440103559	-32.6894857785228	3.37394519710219	2.36391402938729	62.5705516283192	18.2492741715831	2	0.806847634614377	333.03600778961	0.0209904237281512	103	1	
12877107	kata-katta	2.00545929071451	78.5913129836553	-28.2796307354387	3.41839373033339	1.87163080229269	78.6415274715531	25.6130658741892	2	0.612186968364389	656.029143475555	-0.164926001753566	102	1	
12877107	reason-risen	6.74780811224063	96.8716015455833	-20.2642795882581	4.7090646285961	4.3060070043708	17.8552727783657	24.3906405920775	2	0.660577216968288	594.903348491899	0.0497367778670775	103	1	
12877107	toru-tooru	4.7604554353433	96.4635225784275	-20.2416334972333	4.31786330360131	3.09637444845906	97.5486861101159	25.1028735365917	2	0.742511105019908	630.154259794117	-0.134672380557023	101	1	
12877172	indent-intent	25.8925431839802	79.2487188808587	-22.1425177940609	5.51330101813369	4.02085356747038	97.0046714003113	15.4395256401739	2	0.813232775378063	238.378951993588	0.0371374427027406	105	1	
12877172	kata-katta	5.1422925618893	75.398272870355	-9.58998281798495	5.11603288372712	2.21092940592647	112.891807465187	15.6313870003051	2	0.669503859698313	244.340259553308	0.131244141581709	103	1	
12877172	reason-risen	8.75478103665745	77.8018301975684	-22.3582524640602	3.48176732515997	2.86477079823878	84.2993692720789	19.1227155532089	2	0.776476290223432	365.678250128937	-0.0411150305144793	102	1	
12877172	toru-tooru	19.5147178276114	60.6348048513787	-270.847893326517	4.00418293914307	3.19683837583994	81.7119600591536	18.8106158021064	2	0.725707094884222	353.839266854455	0.0145602151863601	103	1	
12877187	indent-intent	2.69777749997147e-05	98.6934105147778	-38.1352235915738	4.24617041208274	3.32504674578392	75.5558496600382	11.1493379698741	2	0.96116077171352	124.307737166477	0.014954718527864	104	1	
12877187	kata-katta	0.000108809713139868	99.9997663052478	-8.58741314347283	2.63728203248608	4.63349555353221	88.9164506911782	19.6815832536412	2	0.636453311943298	387.364719370011	0.00486859008252299	99	1	
12877187	reason-risen	8.21183440516384	77.9177667302367	-25.713019196731	6.88899521462044	4.69344173387583	7.5880982510723	18.6314865532255	2	0.789356346011201	347.132291183024	0.140535204805672	103	1	
12877187	toru-tooru	2.51712964059862	93.4225267743981	-40.9718213926636	4.43279819585329	3.52099688029672	90.6611564174126	16.4474392872853	2	0.914473274482322	270.518259108937	0.0740115124190501	104	1	
12877189	indent-intent	24.1426299374433	88.3691503902466	-931.841748910105	4.01016282325381	2.74908770189317	59.4596707313739	34.3224444000024	2	0.626870390097331	1178.03018959125	-0.230665048133596	101	1	
12877189	kata-katta	1.26151653517814e-06	91.6998203355815	-55.3257244880187	3.82475711221273	3.0535271920046	93.1411738622222	29.0444715353512	2	0.803313066679171	843.581326767824	-0.126561207721263	103	1	
12877189	reason-risen	6.28917858030069	94.4028198995603	-214.915031368586	4.06413311571095	3.52806636438231	2.24648675918849	28.6114454950041	2	0.813533912878026	818.614813313592	-0.0551233979439393	95	1	
12877189	toru-tooru	3.20616754988301	99.9987042892803	-40.3736315555409	3.89311715977627	3.65320061331332	90.3193563390534	29.3240227810697	2	0.802192057717979	859.898312064693	0.0568688414794278	101	1	
12877201	indent-intent	18.2466503254822	89.4604322628721	-414.305730807773	5.12314715127084	3.43784422208777	76.3137770079941	13.1990256191176	2	0.932811314380255	174.214277294124	-0.131387652654653	103	1	
12877201	kata-katta	11.0017944512195	78.8380472789624	-7.72307621530494	4.40417715666439	3.13041319173003	95.8833333090744	16.5301071184256	2	0.636625951538808	273.244441346624	-0.00390208315228878	102	1	
12877201	reason-risen	3.00033998583573	81.5753551341069	-24.1894006696807	3.8045512004402	2.03653083957246	91.3919075527635	16.5877844370857	2	0.806934345914356	275.154592531223	-0.11954631868812	98	1	
12877201	toru-tooru	30.067862969083	76.9991099967398	-4.23092656123328	3.77914477119982	4.9999140076144	89.0632593819125	11.73069332761	2	0.546641791513553	137.609165946434	-0.0258453014789617	99	1	
12877464	indent-intent	28.61926084498	82.7995752599643	-58.9254563733039	4.73602802570285	3.59340729446011	78.8450237051997	10.289864326483	2	0.924762309526643	105.881307857428	0.000416369834285511	102	1	
12877464	kata-katta	8.0033614438435	90.9142458233411	-3.728301625153	1.00147325309256	4.99964008568262	119.321604528711	12.8054397470603	2	0.475710963081359	163.979287115592	-0.0303778941346491	102	1	
12877464	reason-risen	17.110669359104	80.6491760915132	-20.207748814249	4.01625497300178	4.63599339921621	90.8213697634209	12.029774853797	2	0.887477819991748	144.715483033048	-0.118108892960932	103	1	
12877464	toru-tooru	24.3674203044222	81.3773669665959	-19.0534122510189	5.08839895241525	3.26926378950915	87.5966950027463	11.3532448937363	2	0.87907584520405	128.896169617149	-0.125338680226109	103	1	
12877470	indent-intent	0.65156311300033	99.8787816596938	-93.3790736774329	3.71174970333803	3.23215161717447	78.4925387240252	10.3339810094917	2	0.973974185244519	106.791163504535	-0.226724656624012	104	1	
12877470	kata-katta	3.08356603972992e-07	99.9999964461391	-22.9446309807407	1.00000871232968	4.99999992838138	86.4783078134708	26.0872936278928	2	0.764117635787831	680.546888827898	0.00804092164911264	104	1	
12877470	reason-risen	3.82314937402711	93.7249266018437	-87.4761579270226	1.42026175740459	4.63893395854027	102.656710760139	21.1981806380068	2	0.889076525778314	449.362862361565	-0.137104694270131	105	1	
12877470	toru-tooru	3.15963394028063e-05	99.9999340214776	-56.3567468589262	4.02463280229096	4.31837555651813	90.9824298969125	17.2686018277235	2	0.929958167511082	298.204609084456	-0.42148938540015	104	1	
12877474	indent-intent	3.85979304371877	92.325086227747	-104.529567057893	2.51626304516644	2.81006710830434	69.9301280091358	29.3157807580325	2	0.790443767143615	859.415001453027	-0.0807073552483216	101	1	
12877474	kata-katta	4.94499749088245	96.2204065899292	-31.2767042120652	3.32750046776924	4.06339597432597	90.6007511832347	35.6161967164561	2	0.700456407310287	1268.5134685453	-0.176573225309995	102	1	
12877474	reason-risen	0.000146056699256603	86.8739743555071	-27.3803849738271	5.19787422191668	4.31202056606787	7.82121204720727	38.4297105470479	2	0.578833396338031	1476.84265272989	-0.0530371363172724	99	1	
12877474	toru-tooru	13.4590533388656	98.7613551690173	-31.7638051283873	3.67939301040612	3.55462010723487	108.511571534715	32.5957705027883	2	0.70185776538411	1062.48425467045	-0.384691260568806	104	1	
12877480	indent-intent	54.7356302776525	65.6664921605115	-251.713318431394	5.73480897663171	4.93942747446503	36.1115471759139	14.6544059871661	2	0.252078985850987	214.75161483669	0.114091442777979	105	1	
12877480	kata-katta	3.37010932272772	50.5136341880306	-11.6862159121394	4.26672607869174	1.95083128015998	83.6839503219154	20.7142394982061	2	0.485073810291202	429.079717989043	0.108573395303654	105	1	
12877480	reason-risen	16.4773456852709	84.6252685919069	-0.533126626800076	5.76115798664673	1.05991590432361	78.5356287404277	22.6525011021367	2	0.0457325736570223	513.135806182307	-0.0542245380884276	99	1	
12877480	toru-tooru	1.00004658381221	71.0537051456871	-19.2456770999358	3.99115086576042	2.40221799383907	88.1887445020195	17.4998023054555	2	0.767091172729789	306.243080730026	-0.113009786045316	105	1	
