ID	pair	B1	B2	Slope	X1	X2	Theta	PointVar	exitflag	R	LS	AR	N	status	comment
5031	indent-intent	18.2371316249029	82.183648892092	-61.6288415569548	3.99550334743525	3.36585362588962	87.3901639367585	7.66994668264429	2	0.967183711133047	58.8280821146061	-0.0632849352610466	35	1	
5031	kata-katta	35.9377706826232	56.2929723188873	-13.3147654006989	1.50227989610453	3.5628558826396	47.0086936160159	11.4209786866664	2	0.586014549376704	130.438754161288	-0.201014836831179	35	1	
5031	reason-risen	18.973643544235	92.6597468357134	-20.2533892057233	4.58599368794148	4.6625085580825	76.4480553496062	8.63814293399055	2	0.941075643966514	74.6175133480509	0.0419963488260799	35	1	
5031	toru-tooru	28.894638186229	88.9999382083401	-12.0570234272464	1.03007933118298	4.99998291585162	92.735149089249	15.9280765455865	2	0.750026227251764	253.703622442062	0.360042075273719	35	1	
5096	indent-intent	4.14483298713619	96.4319330449264	-157.59082642174	2.49003563035124	2.84483111140702	77.5353126033664	5.45754271849585	2	0.991423662270959	29.7847725242071	-0.329997142915271	35	1	
5096	kata-katta	1.00000853708963	96.6220404594812	-28.7878067551576	3.68783967633643	3.31053209331549	108.122382317066	16.7572659746551	2	0.895897601054368	280.805962945335	-0.165627778782705	35	1	
5096	reason-risen	2.50537177281341	97.6239572980388	-46.3941977732222	4.48723797883719	3.49170242071122	78.70515789215	10.9435454464042	2	0.96358528129568	119.761186937514	-0.257846522542047	35	1	
5096	toru-tooru	6.74936070014618	93.2386143243608	-104.963436190884	3.30988769829743	3.36679808276729	100.221215144676	9.19384903727569	2	0.974197930705767	84.5268601202152	-0.171971164365281	35	1	
5098	indent-intent	4.41655772618816	94.4622267453871	-89.8009927055269	2.33879466512364	3.52123808685051	76.8989158252616	7.63248098514152	2	0.983379832594192	58.2547659885469	-0.477868482200795	35	1	
5098	kata-katta	9.00272108578299	81.6773956123312	-12.5980789999322	4.64698025029015	3.05134964492936	98.5339463080573	14.1314890933802	2	0.808614775355318	199.698983996323	-0.193382026751408	35	1	
5098	reason-risen	29.0154585664121	65.3271257012664	-267.518692606725	3.33037748562756	3.03645196001253	44.5308281867454	16.4606547900681	2	0.695196191754318	270.953156117791	0.241121882175736	35	1	
5098	toru-tooru	21.445769826135	86.8176161389412	-25.2204193787611	3.17861445289663	3.92824720721732	90.7899800589543	12.1970721911146	2	0.905249091446706	148.768570035262	-0.239799439835211	35	1	
5103	indent-intent	4.10751550011492	85.5290053720356	-67.6109757126492	4.65706102142594	2.7729626951878	75.3190357629057	9.21254939496928	2	0.963986511996081	84.8710663547488	-0.123716296648089	35	1	
5103	kata-katta	36.1677057911248	68.1669252270997	-10.0095803882982	1.00002937034054	4.99999206632967	114.644659149408	14.6526920479426	2	0.6176324709386	214.701384251841	-0.11370518596278	35	1	
5103	reason-risen	3.55551579331386	87.3752878982582	-57.0170230195757	4.02683504888683	3.77104872832325	95.5378692037625	8.34125776563777	2	0.975608656595707	69.5765811128124	-0.127969195203791	35	1	
5103	toru-tooru	0.666668109822854	81.4522382233317	-22.9896757064527	3.98782648453044	3.04508930595974	92.348537900862	21.6566220114914	2	0.792733688812512	469.009276948613	-0.0529592811959356	35	1	
5114	indent-intent	5.14643414024902	98.6316852861112	-58.5369519408861	4.67989834532165	3.04527539637385	67.8245849273257	12.5506182728494	2	0.949680512672058	157.518019030782	-0.373146923118686	35	1	
5114	kata-katta	7.88255252670719	90.6339232287918	-36.7930022983482	5.42613781154122	4.20780280565688	82.2530888524992	10.3205663537928	2	0.956375000928592	106.514089863041	-0.310988047976695	35	1	
5114	reason-risen	3.02570080101816e-10	99.1643115024392	52.8613037546801	2.63503786897564	1.14443867471687	179.89999999998	15.1549697166372	2	0.932407142155941	229.673107112191	0.193621445347032	35	1	
5114	toru-tooru	4.00224472502079	93.2388937702802	-84.5369257780058	4.14405709547774	3.66064308775863	86.3668279359593	8.92457597630018	2	0.97714426457712	79.6480563567543	-0.0545234600727502	35	1	
5138	indent-intent	18.4575397471725	90.6636329421504	-113.731463430064	3.85059247419942	4.05601623852951	85.649336027569	18.4768020692074	2	0.877961390569112	341.392214704666	0.0243813654947164	35	1	
5138	kata-katta	5.1375779245151	87.8767903617552	-30.1493299285229	2.92590557282096	4.80426706951267	106.597919298452	15.7046243981149	2	0.896308817758705	246.635227485866	-0.0636925376923769	35	1	
5138	reason-risen	3.07356775591674	96.3230319648856	-47.2408184068851	3.44426525398975	3.25886509853784	84.3374925674599	6.79258609357803	2	0.984669297896269	46.1392258386696	-0.38464049230272	35	1	
5138	toru-tooru	9.11522293142633	80.9546484745155	-42.6992204576673	4.05993285869538	3.76890399860003	84.9522634510302	16.3867634510089	2	0.885498326322149	268.526016399321	-0.204935174872819	35	1	
5156	indent-intent	10.5190185575442	78.9711434188742	-365.042164764589	3.78269879542537	3.07376313631005	86.1972579151271	9.5209099657523	2	0.958700733108943	90.6477265759615	-0.0788964859320167	35	1	
5156	kata-katta	45.2372754318296	53.8636197945731	14.5446365440602	1.99796868383297	4.04368202011688	179.89999999953	8.51884287397791	2	0.375154526036234	72.5706839115242	0.332603314817981	35	1	
5156	reason-risen	11.7132932281367	88.439484433942	-38.2796262947531	5.03602338445264	4.811549761519	98.3444640994217	9.22619605854011	2	0.960423729420977	85.1226937106211	0.0814408187421586	35	1	
5156	toru-tooru	34.0054985843572	44.49177397844	21.1859644578182	3.37686625638789	3.66311983439875	0.0100000003307343	13.6929559331644	2	0.300783224721474	187.497042187583	0.243210551678883	35	1	
5178	indent-intent	0.162697497249032	99.999002302773	-243.437119755058	3.82948295630471	2.97816884521836	80.3762197083818	3.62422827563196	2	0.996911271888843	13.1350305938902	-0.688909791533971	35	1	
5178	kata-katta	34.977159114975	44.2043362675182	21.7557613498506	1.00082683065415	2.8771836552344	0.0100088820059625	16.8988125041474	2	0.195560872207316	285.569864050328	0.420379800957731	35	1	
5178	reason-risen	7.28111409335461	98.9246563455581	-86.1846945865235	5.89857591187204	4.36312513736535	91.6404246608806	14.944418013948	2	0.942507482554001	223.335629775613	-0.426627372598459	35	1	
5178	toru-tooru	1.2859142417776e-05	90.2572150649493	-19.9358919900342	3.49324361713697	3.78605678269051	85.7691530032792	12.9917834061981	2	0.912638973611739	168.786436073563	0.134060655060637	35	1	
5190	indent-intent	1.45277891451681	94.7766422541401	-44.3353747944665	3.15246210112126	3.13159675126539	84.2875602636837	10.1383514113063	2	0.965054431434567	102.786169339136	-0.241344524074787	35	1	
5190	kata-katta	40.2618913198283	53.0754059676366	219.073011855172	3.3914790087547	4.10898218112127	68.2236570215163	12.6793312547215	2	0.44015669962342	160.765441066957	-0.0700640296145595	35	1	
5190	reason-risen	11.2709103288307	87.8684391752551	-16.3445734212388	6.04600826282692	3.52614790547379	87.5445531291656	9.73455918397007	2	0.925055934091956	94.7616425062161	-0.0258382745895935	35	1	
5190	toru-tooru	6.56123409109872	99.9652286886877	-27.8465456562586	3.92137092100682	4.67063300325359	96.4610136544005	13.2726843748052	2	0.930311617460825	176.164150513198	-0.179228431873115	35	1	
5208	indent-intent	0.396399426665442	99.5211102565687	-999.999993124873	4.53051549205729	2.74950795600807	76.1803112619036	0.453720962408857	2	0.999951276283181	0.20586271172922	-0.229503947541381	35	1	
5208	kata-katta	35.3043960007962	73.5433808555284	-12.270853992738	1.00000027231076	4.99999999193104	74.2201457860358	19.0977747429535	2	0.519370350248809	364.725000132594	-0.0754434131465369	35	1	
5208	reason-risen	24.9653667445819	95.2805543944847	-39.7071914055891	5.82280968911664	4.42291005229169	92.3210489274425	22.6986358108219	2	0.799222105848383	515.228067672325	-0.185494013743218	35	1	
5208	toru-tooru	22.9161228306714	89.9612102003475	-287.456085156382	4.18414605731717	3.89352473372642	88.7954836840689	23.5641678344565	2	0.804490401178221	555.270005730434	0.126522039707839	35	1	
5212	indent-intent	9.84542516607239	88.2838089036055	-50.4208181800095	3.43786197671542	3.3167060491213	85.8427157865191	6.59760767882969	2	0.981488118250599	43.5284270837524	-0.213204423765382	35	1	
5212	kata-katta	10.0022837933808	88.3256723700215	-13.1986714537863	3.94725439038169	3.79826759877412	89.5377272851896	12.0434237289349	2	0.872808280366035	145.044055114672	0.0993274729773616	35	1	
5212	reason-risen	19.9346586346259	95.0031984641185	30.5773311132432	3.7631708292961	4.40618573756223	179.899999997645	11.3334591192192	2	0.911840988079244	128.447295607013	0.0427707506253984	35	1	
5212	toru-tooru	3.00234298702796	85.2451750714498	-18.3417596537	3.78572036295374	3.21474129932241	72.4285497097343	12.6040475202312	2	0.895754534633804	158.862013892247	0.191592457612853	35	1	
5231	indent-intent	13.7839370660732	86.4681367822248	-75.4970598423147	4.28593856051385	3.2311113729395	85.403250334197	4.67546547688208	2	0.990030907975352	21.8599774255162	-0.350903673807785	35	1	
5231	kata-katta	8.33351137109731	85.2206652505345	-13.0810645691792	2.55186105069836	3.90240261776955	141.7588369369	14.4852156065293	2	0.781286734719749	209.821471167639	0.0508736608638096	35	1	
5231	reason-risen	6.34880473752255	84.8140098816752	-19.7063679020336	4.03395682735154	2.56274429366401	68.5794615090855	9.04423468680633	2	0.926441270319191	81.7981810700308	-0.291411790314457	35	1	
5231	toru-tooru	21.4586822093966	86.0237001849413	-243.141325883095	3.51136650000721	3.47579821990165	75.2995693332333	6.82697268728372	2	0.977057413599463	46.607556072918	0.215401814493046	35	1	
5238	indent-intent	23.3277923794693	84.2582557776957	-71.8134287086925	2.552973552687	3.20962228039429	76.0937909176641	3.83149747325089	2	0.99061897799351	14.680372887528	-0.0988868909008311	35	1	
5238	kata-katta	15.0004105007825	76.4077822784087	-14.0031932520496	3.97095488418284	3.1728875484229	95.7742845408562	5.11402386203955	2	0.966771481930893	26.1532400615099	-0.00987318299377843	35	1	
5238	reason-risen	14.1782733223921	80.1936780480744	-16.2525710141571	4.95927419934561	3.83345337315881	78.740974332144	5.54880523198484	2	0.969831112350978	30.7892395025023	-0.219163358597292	35	1	
5238	toru-tooru	11.667675688295	78.8022130730198	-20.2339229756702	4.04728362563727	3.68086573825003	97.4785028503748	7.89527145239006	2	0.952147991882976	62.3353113069254	0.0486864250251035	35	1	
5341	indent-intent	39.9625008525074	53.4964654297484	-284.747261126396	3.28806218092565	3.37607275500752	123.013340846857	14.1500582500418	2	0.41930012741204	200.224148479577	-0.35273585263399	35	1	
5341	kata-katta	14.8765416381741	77.2043927111613	-51.1886500216673	4.10269949581925	3.84370451513665	81.448560053007	12.6547840969976	2	0.912554505440432	160.143560541623	-0.236693019313383	35	1	
5341	reason-risen	2.43272418897614	97.333333333287	46.9242917646522	3.21876580344575	1.52200156706199	179.899999999999	14.9223506314081	2	0.926389320590426	222.676548366685	0.434959153841264	35	1	
5341	toru-tooru	1.00000651050894	95.8055660791256	-66.6777325338193	3.84616537259528	3.25128694420802	100.544410423395	5.92760381414167	2	0.989706227385384	35.1364869774269	-0.0610314246016807	35	1	
5348	indent-intent	0.436022472755115	99.999986437044	-49.2751962558626	4.00737671209612	3.62313207281271	82.6375314481856	5.8647651998119	2	0.990462614720087	34.3954708489247	-0.0159613839468223	35	1	
5348	kata-katta	9.66667386391346	87.6666553314179	-10.4336360623345	4.23237519826225	3.13119164159313	86.3542227212499	10.403127235238	2	0.864876780260181	108.225056272552	0.196978832541055	35	1	
5348	reason-risen	2.70188565939522e-05	96.3568569890015	-21.7098521476213	4.44649684296733	3.70976922073057	83.4776565539516	7.1487601322248	2	0.976081515134572	51.1047714280867	-0.0464445260002868	35	1	
5348	toru-tooru	2.02321616201151e-05	96.2553603666461	-29.6100949864559	3.42804473881622	2.60534376886817	100.263480233822	8.24250391837033	2	0.968608989072423	67.9388708443503	0.104520197596946	35	1	
5356	indent-intent	1.45119138869638	99.6068931253768	-780.129161912685	4.73438909150841	3.45229118323575	76.8089209014716	2.62477010477592	2	0.998483594474923	6.88941810292541	-0.123612009154269	35	1	
5356	kata-katta	32.3317479649642	86.6230965068186	-30.3210071814088	1.00000735301047	4.99999991951766	97.7312950038676	12.8638421593278	2	0.869322105845384	165.478435100098	-0.0567117362216834	35	1	
5356	reason-risen	3.63365515151199	99.9968299773828	-68.4933544380448	3.3800462576701	4.55168740060811	79.8009817906965	11.0916014724043	2	0.966173297058914	123.023623222642	0.419340254846052	35	1	
5356	toru-tooru	1.17956739477121e-05	99.9999966482752	-34.0939381975005	4.01884546463581	2.97856847652393	99.6753998857264	10.7533100133465	2	0.958191192046274	115.633676243139	-0.221251673424641	35	1	
5363	indent-intent	1.77111205673498	96.991960835708	-72.0217038617806	4.26963898795426	3.27864155230363	75.1047631028604	6.74738124514714	2	0.987189007579807	45.5271536673633	-0.471015035599001	35	1	
5363	kata-katta	58.8570186345743	63.7307588506602	43.1827949505606	1.09891129376754	2.29534141751332	0.161465448543936	10.1891892260514	2	0.228117882478088	103.819577084282	0.00833357268560119	35	1	
5363	reason-risen	1.74087463897506	92.6505036052606	-27.2803236062903	3.507452092276	4.60545111333502	94.8763420600807	10.2866102012949	2	0.954964309616825	105.814349433385	0.119031324168273	35	1	
5363	toru-tooru	50.0120471283816	59.6729774853289	-135.212946976197	2.41773232799926	3.4113134212313	38.8031562437267	9.73017200377807	2	0.432079658981725	94.6762472231066	-0.19062792549988	35	1	
5386	indent-intent	5.60264643227598	90.8286795282023	-474.392582983862	3.56721096773437	3.22931094650585	80.9717645845555	7.44210872041409	2	0.984045565312891	55.3849822064635	0.509583750496925	35	1	
5386	kata-katta	17.5709827084658	92.3328265204121	19.7574332146809	3.21441577809817	2.10131401407332	105.250388997941	17.427420604482	2	0.77563076097666	303.714988925522	-0.282882666055631	35	1	
5386	reason-risen	1.00017361833119	98.6652506995738	-24.1314891213914	5.52417735297789	3.50307274982544	68.046975726406	17.0745944417514	2	0.88115847456447	291.541775350289	-0.386405584624721	35	1	
5386	toru-tooru	5.87026415727122	71.5811724516557	-449.540851501507	4.02493240296523	3.73530882457798	65.1020164096777	8.88451573846028	2	0.963494163556919	78.9346199069484	-0.0199335212535034	35	1	
5420	indent-intent	0.666876631199021	97.9331946590205	-104.6215524444	2.02794152131873	1.99928434882557	82.0523054375168	10.6905808202178	2	0.954607587436175	114.288518273608	-0.589775153081261	35	1	
5420	kata-katta	25.3336476093251	82.6067439469947	-29.7776407634764	3.86879235490754	1.61627707532719	72.299011936282	19.2861589570789	2	0.52596370163899	371.955927317715	0.0446128114678102	35	1	
5420	reason-risen	3.78674122706248	99.9999999996858	70.1557977219082	3.74468855527024	4.22461575007049	179.89999999997	16.8725246366451	2	0.917458847908763	284.682087614195	0.0923565711754961	35	1	
5420	toru-tooru	9.98720546666583	62.6785387976033	-632.538268442175	1.88910603132872	3.34972285842329	76.8620979477079	18.4359953098932	2	0.810626792504886	339.885923066404	0.0184886827640211	35	1	
5426	indent-intent	6.34239868671732	84.2950928816041	-40.0981501832188	3.55676259158514	2.84540386763709	86.8848680849592	10.5942406260702	2	0.944729089228917	112.237934443077	0.0241083534660503	35	1	
5426	kata-katta	21.3341824962791	72.6041085823218	-5.57455478986564	4.06668836010618	4.98907478984317	89.2895651557588	10.6066214281642	2	0.684658160827374	112.500418120393	-0.017753999065182	35	1	
5426	reason-risen	17.2728288777381	78.6680820846847	-21.4014108984792	4.74573811092657	3.703781894399	67.2219719744589	13.1166387521198	2	0.869714165306529	172.046212153611	-0.164883638601667	35	1	
5426	toru-tooru	10.0014097974841	83.6825144226543	-19.410746242581	4.08462445483912	4.13794578619965	102.99192973803	8.6488216749062	2	0.948148469292516	74.8021163643273	-0.269240794215444	34	1	
5440	indent-intent	1.6079290781455	99.8907526417507	-76.1283421687822	2.84294867226449	2.87000849514431	70.5796703087836	8.62407644135035	2	0.978526872781958	74.3746944662541	-0.349571527628268	35	1	
5440	kata-katta	17.7224450752116	95.2051358022368	-34.5603603489356	3.92708740451674	3.88336164560488	90.1745328895752	12.0065332107221	2	0.936033173081062	144.156839740173	0.0942063781119463	35	1	
5440	reason-risen	5.61966766537969e-05	99.9998823942248	-47.6609881875451	4.030489247122	3.47200949594148	85.6497508240588	11.0361409948735	2	0.96693920326843	121.796408058727	-0.175420326930995	35	1	
5440	toru-tooru	1.30468782086696	95.4146639409054	-73.9429270953221	2.66712771446225	3.4245957953259	115.550108802084	10.8113447961558	2	0.96696477644032	116.885176301366	-0.49771403282262	35	1	
5448	indent-intent	2.92807817424288	96.1328639692437	-50.2254294226202	4.00632200642723	3.08330484029308	76.622810762705	6.54590353073344	2	0.985377169245417	42.8488530336685	0.167408013693845	35	1	
5448	kata-katta	23.5628646443993	75.1628549557076	-14.6167567905803	3.90577164082383	3.88272137805368	71.2170652280613	13.2590006462263	2	0.806560863633323	175.80109813663	-0.101536513774121	35	1	
5448	reason-risen	3.99994423540952	96.3005998550466	-18.9816088451212	4.43400946501598	4.15036582416856	66.7822068116593	9.99620856787833	2	0.938016497137409	99.9241857325241	0.0202226623794206	35	1	
5448	toru-tooru	23.380709187674	88.7892194217823	-23.1597096483784	4.12341328375578	3.88605347368621	82.037927312114	9.06412604501017	2	0.941394619896604	82.1583809598317	-0.0238302552024509	35	1	
5456	indent-intent	6.44922883483669	91.6098973566474	-80.4957930255747	4.28854260083873	3.09615233982837	79.9633813497016	6.80734259887782	2	0.983968280357778	46.3399132584966	-0.211194976257592	35	1	
5456	kata-katta	37.9533479043814	62.3902670191428	-100.439521076107	4.00141881642808	3.10905250387997	88.0399403308217	15.1416976263761	2	0.606027155056667	229.271007008603	0.158076296440808	35	1	
5456	reason-risen	10.6885611986348	91.4582047532631	-69.0308748552451	3.96028596514366	4.06447816791105	85.22195161562	7.4021898738775	2	0.980244021266333	54.7924149289346	-0.341946740129744	35	1	
5456	toru-tooru	3.80719733604853	96.6865489068581	-42.0217168577705	2.27371591331038	3.74432591111399	83.0549759774241	13.3668123430097	2	0.944228711319641	178.671672213237	-0.45169237877582	35	1	
5458	indent-intent	7.62186864157311	95.4661205561897	-49.6033024253307	4.12521127477266	2.84957199773962	72.4794995169665	8.53529448488163	2	0.970355500693767	72.8512519436508	-0.347907822530649	35	1	
5458	kata-katta	23.0501682726568	76.726325797158	-18.7563645172241	3.16980625813718	3.77741439982228	89.7703803018241	9.31321776517044	2	0.911737435823259	86.7360251414863	-0.136229168498614	35	1	
5458	reason-risen	5.3225837873816e-06	95.6714597553942	-30.7763595024733	3.85254781989983	3.78690846891537	80.8657397821969	8.62532091928613	2	0.973073286094226	74.3961609606749	-0.168956073930072	35	1	
5458	toru-tooru	2.22264060991301	91.5455203382027	-36.0909948214326	3.8381853880215	3.23161294242121	101.683832620138	7.96909684214478	2	0.974051688579597	63.506504479482	-0.191843833135662	35	1	
5465	indent-intent	20.3339294937414	73.544197778925	-15.5948354173833	4.20918618375404	2.6509170236745	54.5903553903073	11.8547037198713	2	0.787163638394956	140.534000285931	-0.144507135330089	35	1	
5465	kata-katta	41.4939357363211	53.1432597045616	408.604756283894	4.85218823506473	2.99266762935375	0.0183983966482231	18.312061718113	2	0.246593381270311	335.33160436798	-0.0969648408713591	35	1	
5465	reason-risen	48.456233894655	78.4343180241222	90.6379178275624	5.12451756827649	2.71681577760745	179.447561340535	8.77817376499966	2	0.274175207601118	77.0563346485283	-0.114884164887664	35	1	
5465	toru-tooru	47.5550525508716	71.9799711158784	-21.0062865245164	1.00000009523382	4.99999980005392	143.684714175433	16.9944509249012	2	0.512722096963557	288.811362238876	0.244492990868842	35	1	
5541	indent-intent	1.02424139015747	99.8761339299216	-207.435253033098	4.7458734472727	3.11273390983146	81.832271916872	2.7734411358442	2	0.998163816682731	7.69197573399279	-0.569351753261292	35	1	
5541	kata-katta	52.6001882310586	73.8953606695231	210.639968176387	2.016144587895	4.42687153575401	21.9867350522954	7.18495886188194	2	0.180007285862254	51.6236338469358	-0.0542540733310602	35	1	
5541	reason-risen	21.3545833000506	43.6600795764745	31.2202717366366	3.99830940274055	4.14850268486399	179.899999999996	25.8971134467962	2	0.3245743779223	670.660484876234	0.228742884856692	35	1	
5541	toru-tooru	5.91683608339835	91.4058970426488	-31.5889087515403	3.25674990977027	3.58927275567627	95.6264375136913	10.1121674314718	2	0.956345901828165	102.25593016212	-0.144342071621397	35	1	
5549	indent-intent	11.3453069351352	94.389102571065	-97.8902152392224	3.76715353958145	2.9473203350656	64.2656222712596	15.4650886116099	2	0.918751463152881	239.168965764948	-0.0275645295152307	35	1	
5549	kata-katta	43.1131208316997	51.3093995279932	155.104902981009	4.85667755441176	3.03533038265745	0.014387986230247	7.40425469291934	2	0.404879114215775	54.8229875576181	0.155823461322786	35	1	
5549	reason-risen	24.1438495375694	88.1164394020739	30.0453028563516	2.60968390567519	2.05287891658929	179.89999999994	15.4503544984737	2	0.840126182238094	238.713454128505	0.0774487395755695	35	1	
5549	toru-tooru	2.482410101092	96.2393808936896	-83.7580070259644	2.82062560368395	3.63935603074809	97.1803448456299	11.4024163043909	2	0.966130888655188	130.015097578639	-0.355274400697992	35	1	
5552	indent-intent	17.840039271735	80.8672971086323	-141.890728877961	6.34190189513065	3.00232495315812	82.6019324809484	8.53423683314054	2	0.958240740498197	72.8331983241326	-0.408765816200047	35	1	
5552	kata-katta	45.7986136371385	58.8047837745238	77.4450738637537	4.94161759217006	1.69854589770318	42.4608526169057	9.95910523668631	2	0.036793653983355	99.1837771153928	0.28767805876973	35	1	
5552	reason-risen	19.8321441074815	81.7105133084298	-19.1009502816069	4.08129471397088	3.22267213849719	75.6004497664049	8.16124958215592	2	0.936971156348991	66.6059947422402	0.071384466010967	35	1	
5552	toru-tooru	9.33343109796641	78.2972028036846	-14.2750806202142	3.67347175216051	4.09880463964424	100.53147036818	12.8996630777087	2	0.857021602829772	166.4013075184	0.0557050697048114	35	1	
5565	indent-intent	0.668257822042466	94.1289790052755	-917.516018208214	2.96789999705675	3.12756129947336	68.3929513332883	10.1131151202755	2	0.975415414748565	102.275097435945	-0.0210655546721458	35	1	
5565	kata-katta	24.4524045752434	77.0300471156174	-149.82206574152	3.89924413172655	3.80583890036554	105.982698799228	22.2676073690058	2	0.749446505031041	495.846337940201	-0.235867330538803	35	1	
5565	reason-risen	11.2440937798221	91.8535921671419	-283.878024759906	5.70168605265009	4.80421826105193	85.930390600067	18.5978970861684	2	0.894455278036021	345.881776027712	-0.155376689829567	35	1	
5565	toru-tooru	4.33573089488787	89.5505437131387	-387.263467130318	3.41771762113999	3.74513895694549	83.9894407048755	14.2794769503061	2	0.945192454518355	203.903461974322	0.106977750456668	35	1	
5569	indent-intent	3.11816140479509	94.5949023969025	-41.9899916935678	4.27724209365645	3.2388320667239	77.878737558297	7.6689322371533	2	0.978753643636965	58.8125216580491	0.283311229369137	35	1	
5569	kata-katta	21.6666768598404	79.185247250064	-10.3620611217994	2.68468136929981	3.56711669413292	100.886485008025	7.20072949140192	2	0.916457425739341	51.8505052083454	0.222625412401442	35	1	
5569	reason-risen	0.00113597089019157	85.638321750121	-28.9555259929561	2.7011088818482	3.23049451889739	55.5477896590125	9.20832964370663	2	0.957401489262227	84.7933348271663	0.237304220528865	35	1	
5569	toru-tooru	2.63918061021995e-06	93.7538139879086	-36.6541315827407	3.85536958737992	3.4840019393699	90.3819672882828	8.59754979422214	2	0.974339426751844	73.9178624641291	-0.157916347999004	35	1	
5570	indent-intent	5.56804409665637	93.6431245834356	-68.8115330898609	3.46576804040055	2.84663092754635	79.6690361133504	7.26730109332109	2	0.981063668983902	52.8136651809859	-0.427693440087245	35	1	
5570	kata-katta	39.0091839558126	47.9706403163371	97.0962004013259	4.82602104576788	4.12075496053603	0.784781237501107	16.9277684832467	2	0.250909450816018	286.549345822402	0.349266639729704	35	1	
5570	reason-risen	3.58484975608822	83.215961164156	-22.3755374430517	4.05002647171374	3.86970510356144	82.7857682847721	11.2987481145121	2	0.929768389318543	127.66170895519	-0.32584466154791	35	1	
5570	toru-tooru	17.2659174457972	75.5128491421511	-17.8942343452023	4.20589579575196	3.94365556761243	91.2175770599531	8.71785558110509	2	0.926861479982719	76.0010059330051	-0.0400407300555578	35	1	
5585	indent-intent	11.4886076919307	88.6276104972639	-51.3085235044834	5.11228679403867	3.16593008481889	74.2155402418812	7.68384983519348	2	0.973414211090097	59.0415482898029	0.0106536644073256	35	1	
5585	kata-katta	12.0004392171888	80.6762551339669	-20.6325939166541	3.03125890639743	2.37103202282861	69.593209626836	11.458766190228	2	0.867452978266948	131.303322602311	-0.564956324561261	35	1	
5585	reason-risen	9.4979054191778	91.5223929093444	-22.6549024137049	4.50285018229467	4.0015256620357	76.5286262408391	8.49432336497469	2	0.958874880287214	72.153529428755	-0.226946462900726	35	1	
5585	toru-tooru	15.3364028576852	72.012155831836	-16.4246920699475	3.95945105349078	3.38531118223892	106.616754221837	13.9647901980934	2	0.817659366399499	195.015365276765	-0.0812378734446286	35	1	
5592	indent-intent	18.2234852166838	86.6000822139141	-85.7767792577135	5.59575483817267	3.34115369014814	69.5235578489158	4.95492871231144	2	0.987708436363396	24.5513185440883	-0.113734744422822	35	1	
5592	kata-katta	16.0017270881439	72.2740961649152	-12.6101715726131	4.10576980359877	2.7496315171418	102.249605192335	11.949322031174	2	0.809368679210341	142.7862970047	0.0775766319528256	35	1	
5592	reason-risen	46.7321675069776	49.3331628654258	24.9446914760904	3.444262114227	2.50147907520633	0.0105489758319663	17.1588442364182	2	0.0605267156850386	294.425935529661	0.820322838482551	35	1	
5592	toru-tooru	3.00000074719964	92.9999983501041	-14.2232337147996	4.52457475667947	3.63913761741021	98.6765961084536	10.2366619858252	2	0.918494338942255	104.789248612038	0.0564092639087491	35	1	
5599	indent-intent	2.03370618468019	97.4645660433746	-96.1292437001136	5.92953860521801	3.32824398786034	83.5109786962662	4.32887672095122	2	0.995080666947509	18.7391736651934	-0.404761080159046	35	1	
5599	kata-katta	50.9916989991691	53.1835749083194	42.6205341676805	2.41398587823146	4.42569221197429	32.9141249629619	3.71385613021145	2	0.162296502988603	13.7927273559092	-0.117873471403047	35	1	
5599	reason-risen	38.9438685954941	50.5064409813506	3.46589748339921	1.00000006745359	2.87092468446412	179.899999987165	6.52703065487856	2	0.308817343800554	42.6021291697245	0.447871140024841	35	1	
5599	toru-tooru	51.7351525956589	53.2743710249862	18.002123458777	2.55663221275672	3.6032161571115	6.39052043210663	2.75511897225512	2	0.217593693858175	7.59068055128008	0.254205438120457	35	1	
5600	indent-intent	1.96970053916098	88.1754362753132	-160.480729185286	3.95468971327107	3.05765829419624	81.3511109826996	14.0045325911828	2	0.942326372680218	196.126933097501	-0.324372138139763	35	1	
5600	kata-katta	7.51909015544323	73.4894781656476	-25.4807360356547	4.3473127646428	3.29272037404731	102.813093471873	12.2600532985996	2	0.898208795365938	150.308906884502	-0.104876017597251	35	1	
5600	reason-risen	5.67942196638693e-06	99.9999444599646	-45.7676348189105	4.42349915977867	3.577095315537	85.4029933831572	10.093744830332	2	0.972490651825662	101.883684699853	-0.108180605416526	35	1	
5600	toru-tooru	4.06019588117257e-07	93.2465174707941	-44.7436186626868	4.0087839789591	3.42584755423249	91.2619176118759	7.51333357903291	2	0.981846696079383	56.4501814698235	-0.160779589729568	35	1	
5608	indent-intent	17.0499618935157	80.5580260845504	-26.277924445865	3.79306523620713	2.67006536817734	85.7169533768345	8.95031858018404	2	0.930870265113178	80.1082026867877	0.133192445779739	35	1	
5608	kata-katta	33.4975840552698	55.6908541018898	-6.79147515718991	1.6436772684903	4.99620913026408	96.3634743364131	11.5759359134801	2	0.561816730104675	134.002292272999	-0.319263649762852	35	1	
5608	reason-risen	13.9127009542916	80.4780535808623	-19.225672847378	1.00000167055855	4.99999999476198	94.3624317614704	8.86202783241786	2	0.932558473118735	78.5355373025488	0.119083967842447	35	1	
5608	toru-tooru	21.947160033035	76.2900927513095	-21.0898145990077	5.07689705639345	4.46510197056123	104.389383787732	9.13014237527465	2	0.92017690736895	83.3594997927858	-0.343312396429709	35	1	
5613	indent-intent	10.4022344596513	91.7099357838118	-111.781461306966	2.10109384342742	3.12637471105681	77.0473039132778	8.46355234968371	2	0.97516588891398	71.6317183758366	0.0585623322560491	35	1	
5613	kata-katta	9.67931977823031	90.1390703187591	-24.3670369005279	1.27061283348063	2.73488303958047	80.9721161885802	8.37642726995682	2	0.953388263755575	70.1645338088763	-0.271746566056517	35	1	
5613	reason-risen	15.029716957806	94.9999999989891	35.3639000697983	3.51813079565053	2.11831392256583	179.899999999984	15.3057208482211	2	0.88435792689467	234.265090683671	0.536206004577612	35	1	
5613	toru-tooru	8.74979625983767	88.8855769655765	-82.4022033048269	3.82903616192725	3.31565517613621	92.6471723749003	8.73072653729474	2	0.972566308899471	76.2255858690227	-0.125163998223705	35	1	
5617	indent-intent	13.2989351609973	88.7239445144544	-64.537832570093	4.08340687025311	3.7822710556567	79.1923229300565	8.60731168558714	2	0.969991738288564	74.0858144528449	-0.117488815332088	35	1	
5617	kata-katta	15.667055805957	96.4998847251167	-21.6063323499153	2.97657896894184	3.38770567182667	95.5066013404738	11.8607752010136	2	0.919386590416051	140.677988368979	-0.23945501413802	35	1	
5617	reason-risen	16.2357636476946	91.0954920089677	72.2325942845477	3.28536617588147	4.85896068345008	179.899999999996	17.0823349730546	2	0.888860428347208	291.806168131644	0.305517626538672	35	1	
5617	toru-tooru	14.5201817649986	94.1413649912525	-48.5218986779924	3.09814652898771	3.87337864548955	103.753509017868	9.25277420910488	2	0.965843929596415	85.6138305646764	-0.41141881495309	35	1	
5627	indent-intent	3.35482894141174	99.9986130009854	-92.0199366828063	1.90566129480456	3.65651635980473	81.0987682793285	7.1759229962296	2	0.987228497017004	51.4938708478167	-0.447248708577305	35	1	
5627	kata-katta	0.000154899513797713	96.6004212924854	-45.3001415085331	2.47336010678456	4.8898546008673	111.769801987492	8.80340207254453	2	0.97609831584871	77.4998880508814	0.0838835304162714	35	1	
5627	reason-risen	1.71255352827463	99.9994272887464	-39.3761754729556	2.06495039061192	3.53633040441578	56.2524837882323	15.0192613601852	2	0.929347861473805	225.578211805552	0.110283136972996	35	1	
5627	toru-tooru	1.29121537117027	95.7488849269619	-104.85448584927	2.68419008585947	3.26467697815913	97.7043614324411	11.3393282628951	2	0.966705308915557	128.58036545369	0.0058074966175858	35	1	
5660	indent-intent	4.60900835299637	92.0538853224046	-296.734240399999	3.37483337938921	4.03789488557482	88.3428708700384	13.371501932491	2	0.950987894778558	178.797063930612	-0.0338849417341468	35	1	
5660	kata-katta	17.4702320091051	71.0004445979112	-789.498604240531	6.7774516141073	1.02680420840679	117.212108633198	20.0932488814651	2	0.645773646122638	403.738650612498	-0.0565402439561262	35	1	
5660	reason-risen	27.6680187200559	59.9999633424808	277.15496729017	4.42737735506924	1.92499650337105	179.846430422364	24.3519504440931	2	0.469052227297398	593.017490431566	-0.105979256739314	35	1	
5660	toru-tooru	0.709284370243292	97.4888769351591	-75.7088611947277	4.56453321188562	2.93747117077278	77.6294917260661	9.438108403646	2	0.974322543027711	89.0778902389732	-0.482609142247934	35	1	
5695	indent-intent	41.9223183508741	71.2582937978639	-293.05209696888	4.10346391318171	2.99189253002106	52.7518314724357	13.4310904472603	2	0.708310938110978	180.394190602486	0.127917736912424	35	1	
5695	kata-katta	28.774200690465	75.9507578989367	-4.60862111479892	2.30153500916499	4.99819870004628	96.0562913514212	11.8761572708821	2	0.57537777484909	141.043111522726	-0.120136732379786	35	1	
5695	reason-risen	14.0923152216072	98.1351525627453	29.2823202540333	3.83334778993567	1.40313469077105	167.699768377661	19.0668403974225	2	0.801620638739048	363.544402740783	0.089973811383535	35	1	
5695	toru-tooru	30.1565566551486	39.9431191135633	21.3829323821448	1.54610947518828	2.17903562293738	0.010000000013207	18.9987614282509	2	0.233912641824587	360.952935807595	0.615855482419627	35	1	
5707	indent-intent	4.96272751758231e-05	99.9636872502356	-94.6527680719651	1.67198033597218	2.88761043962411	72.0723875009948	9.2556656738161	2	0.97841276356443	85.6673470654577	-0.571158907689505	35	1	
5707	kata-katta	30.9132133038834	56.0559215752843	159.425240202456	5.33923915764098	2.52753190299261	44.9760114281164	28.34774672386	2	0.240049785347689	803.594744320118	0.0903521555887983	35	1	
5707	reason-risen	0.000276851999906069	98.7387731536344	-49.3434132583321	4.41197280671168	3.30199318381841	76.7366764155455	13.4295113021383	2	0.951167684795764	180.35177381426	-0.323025755077376	34	1	
5707	toru-tooru	5.86609680031705	94.3402742031013	-76.6501773268566	2.51805694426568	4.35419237923741	73.6494464123619	13.6743418719213	2	0.943398008214861	186.98762563018	0.09470924470748	35	1	
5710	indent-intent	2.45605783780646	98.1035567774005	-140.912880606446	4.29538062511988	3.27319791940893	75.9406962271942	3.27439355770936	2	0.997275669168633	10.7216531707685	0.262307658737801	35	1	
5710	kata-katta	9.33334906428357	72.2682400759953	-10.9252961697035	5.11484580089533	3.69737941745412	108.435579316608	15.8537008912754	2	0.738649471970961	251.339831950028	0.000868223736491248	35	1	
5710	reason-risen	9.90950064228002e-08	98.102886499698	-27.7912637902904	1.00000084317205	4.99999999737723	94.3458130434433	15.5086756884612	2	0.909162213473946	240.519021609868	-0.44239562871613	35	1	
5710	toru-tooru	4.41252801185179	98.2785295251406	-72.4619704423936	5.16004261870515	3.92113969327456	86.8676627362484	11.2875183032458	2	0.966009163054622	127.40806944611	0.126800476986113	35	1	
5717	indent-intent	1.3016141056687	99.2430777155523	-158.40666680644	5.37185994640731	2.70987733670041	88.5024730567872	5.79153942321182	2	0.991086149893001	33.5419288906167	-0.0969136899157204	35	1	
5717	kata-katta	21.3333677524824	64.4828079901105	-11.5533948533986	5.88724940110776	2.61105710565674	84.1737652178567	7.09344315034804	2	0.881541752804169	50.3169357272195	-0.207317554604511	35	1	
5717	reason-risen	9.5190260658064	94.6253860001763	-77.3523942948644	4.5364874223789	3.67514234837138	69.1587061395627	10.6106287901079	2	0.964567131875247	112.585443321468	-0.131169755749208	35	1	
5717	toru-tooru	2.70132701775649	92.5306947834377	-46.4626225736417	5.87792233927965	2.89677118491773	89.1643900467695	9.14714997513517	2	0.96841276469527	83.6703526676153	-0.0757880469537389	35	1	
5724	indent-intent	11.5155299443297	82.7157147671332	-32.3996949783387	3.09248966357403	2.77487185918954	74.1509524349492	10.380026911453	2	0.930178102370706	107.744958682489	-0.113535879037163	35	1	
5724	kata-katta	23.9970400108211	25.8466207810423	-68.7346244535187	3.91313119417708	2.57327294786545	75.9832719376018	4.62308429283547	2	0.17193177701281	21.372908378662	0	35	3	refit with mean slope and original for all other params
5724	reason-risen	13.2420162912895	91.6553228069028	-14.2713000607359	3.59632106581922	4.49796154317727	80.3786062329775	9.62737090824812	2	0.913464948639438	92.6862706049822	0.0973321856484422	35	1	
5724	toru-tooru	38.4921251583033	59.085313012526	-41.5171293605271	1.00003666290764	4.99999028571694	118.746138698005	6.77645100731541	2	0.822550423057948	45.9202882545461	0	35	3	refit with mean slope and original for all other params
5727	indent-intent	5.4857994051063	97.8198149095782	-362.272588462575	3.73344514524731	3.32753517610105	73.934360190912	8.26014697738031	2	0.982985068812931	68.230028087925	-0.0850917679743753	35	1	
5727	kata-katta	2.24046909007045	98.2648040569574	-42.2649729819984	2.75660250516696	3.91843539865565	92.2421485408362	9.9573701912358	2	0.969593509981562	99.1492211253113	0.0331350394930351	35	1	
5727	reason-risen	1.24017548883284	99.1002522059898	-63.7945202471555	4.33056399126437	4.76295878108463	95.2556488089564	6.03910631497527	2	0.990027768354491	36.4708050835742	0.104694944461975	35	1	
5727	toru-tooru	4.62469956418671	93.5687179875989	-107.274454734828	3.87884201341296	2.57331053178681	106.964387994474	9.84538505350782	2	0.967748072316928	96.9316068518352	-0.233711994956341	35	1	
5730	indent-intent	1.19136464204183	88.8941435626063	-50.7661782770466	4.10265169079461	3.39153609319488	80.7953934122142	6.69611113020914	2	0.984309138726998	44.8379042681108	-0.217806489856544	35	1	
5730	kata-katta	75.8337349478001	86.097037815292	176.17466680032	3.75461169968676	4.52794548509533	27.2058551879947	5.65275281995266	2	0.500204071281702	31.9536144434828	-0.0108006807807269	35	1	
5730	reason-risen	4.59127488339767	26.4437427276094	-223.86782890082	2.60457175485463	4.00745514331958	60.0242290276717	8.00591171053708	2	0.797453670969039	64.0946223169148	0	35	3	refit with mean slope and original for all other params
5730	toru-tooru	3.11374900598097	99.8877974876861	-52.6238915626265	3.02106093179058	3.95240641953519	86.7064577607036	5.05655504978979	2	0.992703788214839	25.5687489715546	-0.379837509641209	35	1	
5737	indent-intent	8.77689144327612	98.0529035876761	-72.9142279852511	3.63480729724094	2.60483443206211	80.3809092908462	4.72675476496536	2	0.99143973842968	22.3422106081227	-0.277701880333032	35	1	
5737	kata-katta	30.2575013267993	82.2680504177753	17.0095631224007	3.46163933461623	1.04647082622254	179.899999999815	16.6376490405754	2	0.706603588517061	276.81136559736	0.0468416536990247	35	1	
5737	reason-risen	4.45727205233506	99.9996631404688	-35.4928294277347	4.33572094392492	4.98056244335856	87.9017262493345	7.2846802255382	2	0.979288249286046	53.0665659883473	0.430902134170607	35	1	
5737	toru-tooru	7.4186679602077	94.9999550137854	-22.5778287960442	3.61351383468337	4.34733914532756	86.956146427287	11.081294172171	2	0.937841365858364	122.79508053019	0.0611676211201255	35	1	
5768	indent-intent	1.28585216375642	99.9972713781954	-56.6739057294146	3.29258826098767	4.18139695667991	94.4953860858304	12.8336538672496	2	0.957775706162507	164.70267158437	-0.176011618540887	35	1	
5768	kata-katta	1.66669003270892	85.5705242396841	-22.9663093857376	4.05884415349215	2.93551742203347	82.4768109843267	11.9239594433733	2	0.921439120995543	142.180808807212	-0.267701213811214	35	1	
5768	reason-risen	17.0938000284021	94.3369939422614	-21.254887253681	5.40020643792861	3.38509724070934	67.9722695350135	13.3523227152536	2	0.88954612245112	178.284521892277	-0.0712043700029229	35	1	
5768	toru-tooru	8.42255984283558e-05	92.9261213857542	-30.2040209986369	4.90995344810787	4.51159791000767	98.9246297062889	9.3557167935262	2	0.967365672255792	87.5294367206681	-0.0557007958674478	35	1	
5787	indent-intent	0.00201277511688813	99.3625499537807	-79.2900315898678	3.26760686939298	4.07641987297212	88.209663945954	10.9674163082741	2	0.971371580049419	120.284220478997	-0.611709526800548	35	1	
5787	kata-katta	12.7775826172864	80.0614000215556	-29.8087113909894	3.10150449811642	4.49763577076318	97.0795587817175	12.0668036528921	2	0.915719820547605	145.607750397451	0.220394796761679	35	1	
5787	reason-risen	1.99041814824142	99.985897241866	-48.2345880184227	3.56555572809034	4.79604757894363	85.2967118330503	8.94954987081908	2	0.975609217944895	80.0944428902779	0.0618406260352593	35	1	
5787	toru-tooru	8.78173119273021	95.537127026113	-59.128464272087	4.09145070093661	4.46911408580459	92.5390612841252	11.2212934501969	2	0.959687551844766	125.917426695432	-0.24397458361115	35	1	
5816	indent-intent	5.17471748061941	93.3797781155541	-613.043259008297	4.50791549219803	3.30242414434502	80.5317717176385	2.99716724574558	2	0.997556113097547	8.98301149897014	-0.0282519013416516	35	1	
5816	kata-katta	49.6447135806976	62.9961646935227	168.06415104752	4.49305653098116	1.83840928171031	71.7048365410892	3.75261491749496	2	0.708583012522653	14.0821187190057	-0.0983506713616327	35	1	
5816	reason-risen	22.1042482894775	76.252163863759	-24.3754217516038	4.40641159056143	3.1799455782197	70.0934910196486	8.25049192558719	2	0.931775026270638	68.0706170141795	0.103154434743256	35	1	
5816	toru-tooru	15.0027699275177	80.5630650524602	-13.9974499195151	4.43446763037398	3.24958222952752	100.864079608939	9.85010622856573	2	0.89667727202473	97.0245927140294	0.0338483540909003	35	1	
5837	indent-intent	8.78685129161872	87.4922310316259	-48.818350848647	2.09554172341377	3.1187084802067	78.4815708617622	7.37159021764096	2	0.97611582677333	54.34034233682	-0.305623718428879	35	1	
5837	kata-katta	6.79820658234532	90.3333306483399	-19.0751692147889	1.25354069230356	4.96877425940618	111.896264883439	14.8035658161876	2	0.872999751207987	219.145560874198	-0.163556892784407	35	1	
5837	reason-risen	9.83525163455375	89.7731662190061	35.7372888414944	3.15555365128649	1.26941647560392	179.899999999996	19.210986915014	2	0.840939253300576	369.062018248839	0.677615277424185	35	1	
5837	toru-tooru	15.5191309823829	94.0280749907401	-87.4500282389022	5.00173073238226	4.09655916604445	84.5914995189726	10.1901981902093	2	0.963035657327278	103.840139155746	-0.204977363212201	35	1	
5838	indent-intent	1.32311689754083	99.4846928655292	-344.422950673803	3.60583242300685	3.903958760859	87.2257077586274	5.72896077853408	2	0.992429360644772	32.8209916019818	-0.403269469910287	35	1	
5838	kata-katta	11.6369824019014	67.8415209915514	-206.221478990866	4.44892537599455	3.06758941709195	90.9586491371913	17.6721046627848	2	0.824244752379719	312.30328321242	-0.122858991124724	35	1	
5838	reason-risen	1.69872426248036	97.8812371075486	-67.0329533111195	4.14431974911332	4.56240822831778	82.152258898794	12.9629052624141	2	0.954491169263249	168.036912842323	-0.123453246750851	35	1	
5838	toru-tooru	9.96778497789896e-05	94.6847568941212	-117.022060594667	3.905505010929	3.44264887585764	97.4189743307301	10.2848007549975	2	0.974300228409301	105.777126569997	0.217125947902792	35	1	
5847	indent-intent	18.0208529131622	54.9719656251323	-14.8852256963093	3.95536824944824	2.15610407475336	73.0211996127019	10.0818005253554	2	0.729472114842266	101.642701833056	-0.304804086049929	35	1	
5847	kata-katta	25.2626767690974	44.6075522070924	-242.308140342343	5.2881542873244	3.21533369117827	70.8257455605162	9.20723042805475	2	0.71263462037771	84.7730921552972	0	35	3	refit with mean slope and original for all other params
5847	reason-risen	48.2015821877941	58.3084490979242	-152.804734788628	3.8731288108141	3.81606609784409	21.317660521931	13.9887534911868	2	0.334909889671183	195.685224237191	-0.157530137934892	35	1	
5847	toru-tooru	15.5295123764031	79.2014093356307	-65.7601570341894	4.62317721559906	4.44614657076192	103.396770416734	8.41199635703302	2	0.961718255134397	70.7616827107368	-0.260739644805244	35	1	
5858	indent-intent	16.0613939568183	91.2037418591023	-147.086430692445	4.06793665204652	3.28076691213997	78.1394104260186	6.21246461108437	2	0.984925427866624	38.5947165439756	0.0449364097111397	35	1	
5858	kata-katta	32.0329661105517	45.5276603031089	224.781030801186	1.06967697943205	4.99984086791158	77.302804735917	17.7761928359251	2	0.316129785780127	315.993031739995	-0.0991672565105734	35	1	
5858	reason-risen	14.8280923603382	85.692526350156	-63.8217016427278	4.0343330130571	3.99850784663695	81.2993782969026	7.53750429419316	2	0.97396222731018	56.8139709849803	-0.171309687601227	35	1	
5858	toru-tooru	14.5969924752142	82.5045028230167	-14.3661063576958	1.00001114627086	4.99999909489226	108.781495637509	14.2525723779165	2	0.819143758922095	203.135819387747	-0.403120684238934	35	1	
5861	indent-intent	31.7483236436824	71.3329500375551	-9.12168623996674	4.25483151481826	3.55814852967822	74.0433408142386	4.62067256097355	2	0.939177148588675	21.3506149157339	0.0554838623466663	35	1	
5861	kata-katta	48.3942480254323	49.6604325460391	14.0044681251546	2.39880375523782	3.57653356963608	174.862572538641	5.63973013837872	2	0.109291755843604	31.8065560337373	0.726397103821214	35	1	
5861	reason-risen	13.5080218243626	75.5705846155973	-11.3641596145105	3.21961006015403	3.80484206454978	79.7171898214241	5.29059510307005	2	0.959076129599052	27.9903965446288	-0.064987761202252	34	1	
5861	toru-tooru	45.5689891534233	56.9888297374868	-70.0430360434901	4.23520401827564	4.97700104568378	90.064437384671	3.40378731097193	2	0.833513234573284	11.5857680583335	0	35	3	refit with mean slope and original for all other params
5873	indent-intent	10.4884698494286	74.1404978989941	-28.3872412139011	5.11057313964405	2.82679547874707	74.3895939146794	7.68878303173307	2	0.94988988493754	59.1173845090663	-0.103500041133076	35	1	
5873	kata-katta	32.7346121117965	75.5508727421155	-28.3662378413209	4.5603997619401	3.2741981320408	93.3001314437869	3.80832521590056	2	0.979264271618089	14.503340950064	-0.0147098222474874	35	1	
5873	reason-risen	10.7334277712405	87.7470867824715	-16.8962571492348	3.17371299837016	3.31986648805106	56.3695481195501	8.31214849263989	2	0.93849057971732	69.0918125636955	-0.232629784865617	35	1	
5873	toru-tooru	20.8956831034728	74.3413725731903	-150.331490724347	2.41137976087952	3.88286449467738	87.3558093484613	9.88769386642641	2	0.930638692571088	97.7664899961665	-0.192758986424523	35	1	
5885	indent-intent	48.0203853700666	71.6402253495155	-413.638428621033	3.19081237280349	2.67478484473434	31.1567942982683	10.4911284547876	2	0.685422612350882	110.063776254854	-0.162429964063204	35	1	
5885	kata-katta	39.1633528954495	89.4310893218263	342.738576972038	6.61422967885505	2.58335001532702	158.626929107825	13.6275070152033	2	0.527878133459524	185.708947449414	0.0468539222853263	35	1	
5885	reason-risen	55.0826269161955	84.7223940587578	30.7212590112354	3.88453923519365	4.50008857738815	160.732934729212	14.4395542938637	2	0.643216760379537	208.500728205437	0.0097019659999557	35	1	
5885	toru-tooru	4.17130905285847	93.9070237236456	-40.2117365145763	3.28639596448355	3.94858583163329	103.583335927188	14.8576469367085	2	0.926830270622338	220.749672495883	-0.151206748479701	35	1	
5904	indent-intent	10.7118303915023	97.6943396266081	-53.5622883548313	3.82903075752231	2.88572007196858	89.067202653626	13.6930377682534	2	0.932878340930333	187.499283322814	-0.356907173316679	35	1	
5904	kata-katta	49.820982594512	50.1904843370202	-16.4165408027676	4.05337169243452	4.57799443521951	51.105786703303	0.329392170846529	2	0.41041049161375	0.108499202214989	-0.162953139296056	35	1	
5904	reason-risen	0.500270795913313	92.8615890491277	-82.886095259739	3.85670385353387	3.14524774171225	77.3728299561711	10.0341685350425	2	0.971082890319087	100.684538189637	0.255143148078848	35	1	
5904	toru-tooru	5.81708859336961	89.585846848716	-44.7502846884933	5.15779396043199	4.32594828730422	98.6922799915419	14.544150534544	2	0.92628097509251	211.532314771476	-0.550688739734203	35	1	
5966	indent-intent	9.96171375119386	98.6233524931851	-345.18311039984	4.74923731704344	3.17341602889939	65.5761133203634	5.92117604679659	2	0.99008866464703	35.0603257771577	0.153199080395628	35	1	
5966	kata-katta	4.43393545094789	86.507709304543	-36.3373436191604	2.69267074024445	4.2205443388364	86.4181609278444	12.2381047667035	2	0.939648932812847	149.77120828081	-0.301357567685564	35	1	
5966	reason-risen	38.8884998611565	56.7908865559385	492.007181806223	4.54205619353848	3.42875241220796	11.4496735643448	9.64492288153566	2	0.658693751872551	93.0245373907702	-0.00741464971395582	35	1	
5966	toru-tooru	10.468920497529	93.7214258353756	-717.423252789331	2.61884180444328	4.90129120705211	106.059226273134	12.5035842329872	2	0.955962687588612	156.339618671406	0.281451535873563	35	1	
5991	indent-intent	22.4671362101102	66.5082552016313	-87.9374596860339	3.96893822237202	2.66187550421431	69.7530051129475	8.83497590800981	2	0.904432317282027	78.0567992951137	-0.00343822204255458	35	1	
5991	kata-katta	36.9664552650399	40.3327257970107	7.64790491673605	3.75196428347211	3.28962963170326	0.0100000069150497	16.1964459812685	2	0.0963820858561665	262.324862424148	0.758719936222301	35	1	
5991	reason-risen	27.3073646327966	83.6876731001553	27.2668845172829	3.31672909415427	4.90834512282769	179.899999999903	8.64497436742147	2	0.927358699908129	74.7355818133743	-0.136317401892331	35	1	
5991	toru-tooru	18.7187344918009	79.2809657882603	-25.616397404843	4.69774296561589	4.07561517968552	94.5339316436175	11.681238509609	2	0.903680925670282	136.451333118372	-0.0673450313178873	35	1	
6015	indent-intent	2.31656029256261	99.9321785603875	-95.5198412060209	3.27050542273287	3.11207841177067	78.5055047225023	5.49687091732759	2	0.992121178889157	30.2155898817619	-0.518346892286981	35	1	
6015	kata-katta	0.131957372879798	86.8747903358927	-19.4635314742192	1.00000196136562	4.99999967305641	115.253921041269	15.7587188015671	2	0.859197098811298	248.337218266866	-0.00710223841672323	35	1	
6015	reason-risen	1.24782255807512	94.3802678062795	-44.5419064730297	3.64568489195123	4.17448496106941	93.79173131956	11.7489525092176	2	0.95742823204267	138.03788506385	-0.301659583972162	35	1	
6015	toru-tooru	9.96071042002926	90.9698181230787	-30.48154656076	2.89462552238015	4.54073943833499	84.0072338731655	20.1217985800136	2	0.838416247464637	404.886778094636	-0.179855260535727	35	1	
6034	indent-intent	1.18471712035597	99.9992871963167	-64.0222443574877	4.03023472798206	3.09565075963735	76.967155975923	8.8511314661153	2	0.978144153481204	78.3425282304564	-0.0450917943072781	35	1	
6034	kata-katta	38.8841882389723	63.2787783683051	-178.262006468849	3.45783416760539	3.19921838740953	98.154277627297	6.15167176241616	2	0.885431768766254	37.8430654725083	0.175113909632066	35	1	
6034	reason-risen	14.4636194482429	90.2652663852562	-28.4682248557578	4.87434897778159	3.97407334877572	101.719059419102	8.08693878894741	2	0.964731046892237	65.3985789761821	-0.246725214593319	35	1	
6034	toru-tooru	7.82221909963284	83.1589236998906	-21.6918072006552	2.98721208640884	3.75871451012473	90.7381687036061	8.05336049877841	2	0.958501050147859	64.8566153232844	0.0922550816339355	35	1	
6045	indent-intent	3.55314593371663	94.536899107516	-554.599838476631	3.47295406138271	3.00624614642246	67.4062083197407	10.4885346865572	2	0.971157533801602	110.009359871114	0.38622277136211	35	1	
6045	kata-katta	19.8248915984785	53.3934738728092	15.9310872288404	1.92675891630441	4.66760772868208	52.7897224103298	16.728714338141	2	0.473353692249657	279.849883407126	-0.209679934988872	35	1	
6045	reason-risen	0.000326039539730594	98.9991663552957	-18.120189036117	3.53234182528686	3.75671431662608	94.7429778657268	18.4668964977893	2	0.847802428260943	341.026266260062	0.325998618394141	35	1	
6045	toru-tooru	3.58482938334495	87.864869849253	829.855800177612	3.38725725242925	3.53035807205021	79.4913274050446	10.0579156251073	2	0.971555596846026	101.161666721778	-0.20544388992452	35	1	
6046	indent-intent	10.6901486878892	80.7050314738096	-62.6286621870098	2.9376996143744	3.57990675754542	77.0167856273979	6.29512582401492	2	0.981072758325506	39.6286091401796	-0.124047636807144	35	1	
6046	kata-katta	47.9812479250359	68.6576725118409	-49.8114095182609	1.00007399210249	4.99999996485593	92.1511462518186	15.2747395356954	2	0.522682322205177	233.317667883337	-0.0168053580571921	35	1	
6046	reason-risen	39.026425289209	82.3333333139773	27.9932369711152	4.44833089778578	3.48040078418539	179.899999983958	15.1325916696856	2	0.669639977766987	228.995330641438	0.13584750260459	35	1	
6046	toru-tooru	12.2603991667061	77.5759433836978	-53.8816708719338	4.63856201215062	3.4256813517698	100.991956360131	8.49151163069807	2	0.959585812811429	72.1057697742807	-0.0437432904663367	35	1	
6071	indent-intent	2.16913988737162	96.6544204250784	-122.895485741236	4.82618857050447	2.87908231508538	84.4063845993946	7.04177961940043	2	0.985742880787452	49.5866602082033	0.0339900241312139	35	1	
6071	kata-katta	59.7685141263268	73.6977189659104	9.28408361099618	4.17505314810544	4.88135676284839	179.899999999702	18.3064841288116	2	0.256192817548781	335.127361158429	-0.193219000493667	35	1	
6071	reason-risen	6.2299565168555	91.1857222063469	-62.837146776425	5.72431791438565	3.81041015486303	97.9277466051754	12.4047327016442	2	0.950473825692206	153.877393399241	-0.173370598472739	35	1	
6071	toru-tooru	23.0177569289497	81.9766775590986	-21.2216346801888	2.2691764655821	4.35517261357028	124.300989716266	13.0426544696354	2	0.85727845985514	170.1108356143	-0.232016699371028	35	1	
6085	indent-intent	11.2501855047465	87.6352314217514	-289.581117554853	3.78156246486111	3.53620034520467	77.9049166176232	6.62015400783561	2	0.984601239807121	43.8264390874618	0.0822898308524626	35	1	
6085	kata-katta	47.9920979352029	54.7097160791287	613.244948746539	1.02933082575459	4.90056657498668	149.078207649598	10.9504664561033	2	0.274109592510327	119.912715606244	-0.144947735407977	35	1	
6085	reason-risen	24.8403023078701	83.6665966015402	-24.9706216226522	3.93604076683317	4.9434874533961	89.2489425935711	10.1095585120488	2	0.91339329904277	102.203173308538	-0.355908985027994	35	1	
6085	toru-tooru	23.9382227138755	87.9908992117318	-21.7282138219235	4.07572398154734	3.3710873637676	94.0038136246637	10.1157958600159	2	0.920494624226882	102.329325881516	-0.224479835029459	35	1	
6104	indent-intent	1.12748480841085e-05	99.9999968504238	-158.934786351767	4.49830674837638	3.51587771097026	67.0006538726269	3.64826258043582	2	0.997107598478246	13.3098198558082	-0.250609997005045	35	1	
6104	kata-katta	25.0003983237623	64.6443339283727	-421.586033717992	5.21230298008509	2.658646463983	123.690394091492	25.5962906528035	2	0.558789797284658	655.170095182798	0.0473124670078074	35	1	
6104	reason-risen	0.505295891521994	99.9977948706144	-55.3360976131111	3.47679148854167	4.63739809901015	96.0159830508259	13.9922129405096	2	0.950279681422629	195.782022972565	-0.539373126627766	35	1	
6104	toru-tooru	6.67418160447334	85.8570922545802	-326.396147906501	3.7295075314912	3.11481472845433	92.1724890276178	21.1254290469336	2	0.870315254198009	446.283752417028	0.0338671751981346	35	1	
6106	indent-intent	1.00434980077592	96.8232258553249	-834.805745292571	4.57738663139027	3.4286963495117	76.5054094899347	5.26005253732138	2	0.993570794049424	27.6681526953811	-0.0689382811296464	35	1	
6106	kata-katta	31.8650776923676	37.5713570604573	79.0111825505606	1.08017357465141	1.74337343865412	0.0898468115315723	15.9081856405506	2	0.173076904360825	253.070370374221	0.500582886885036	35	1	
6106	reason-risen	1.33334792057143	99.1077162952674	-31.447254553987	4.44080279881204	2.97045333870203	61.5943377579538	17.0991659326287	2	0.890318520526697	292.38147559157	-0.0828860646267438	35	1	
6106	toru-tooru	20.0000261134382	76.9389555209075	-12.8667783087939	3.69622566824169	3.21988764048662	89.545762422894	8.72079700838813	2	0.899693470439535	76.0523004615114	0.228251691604479	35	1	
6108	indent-intent	0.773419468030759	98.7798048229927	-233.387247749715	3.71438785992572	2.71393778648607	82.9680643916525	2.04353452601493	2	0.998904004731337	4.17603335901505	-0.60367041411943	35	1	
6108	kata-katta	36.4720891812613	75.0454273810912	-512.282579451596	4.20180097198942	3.12307758242505	108.293615875229	14.6895395850552	2	0.781058796535625	215.782573220902	-0.149467587858602	35	1	
6108	reason-risen	15.6489070416599	99.6666666661972	35.417178908562	3.90342783866772	1.00768719879174	179.899999999973	21.1019816864249	2	0.799477422093557	445.293631094212	-0.332922371023145	35	1	
6108	toru-tooru	12.1418772717845	95.3118898184671	-29.9230692251898	3.06326893442219	4.34727261542217	98.5339151485482	12.389393809974	2	0.933529877669524	153.497078978621	-0.209305053421999	35	1	
6130	indent-intent	15.1960277090734	58.6254764778585	-10.1539193285771	1.90816698469361	3.19785117540626	78.918817681787	9.74488778146835	2	0.814951652357588	94.9628378734112	-0.133434900453189	35	1	
6130	kata-katta	17.3125433362268	85.9999983639345	-8.71180307591612	2.40606489253346	4.79121838948896	109.999208819784	7.73303459460887	2	0.889144608466116	59.7998240414176	-0.210626742354085	35	1	
6130	reason-risen	6.08004899907751	83.8018971088657	-12.5770208638637	3.67968079533385	4.44139330721529	70.4947756012601	13.3382620554978	2	0.820427885418084	177.909234661133	-0.160890511542662	35	1	
6130	toru-tooru	17.3729698481124	89.658479085742	-21.0695226871738	3.08233727958054	4.06466360243355	92.0169676803078	8.91133416662294	2	0.946699176702448	79.4118766292214	-0.132578711151477	35	1	
6131	indent-intent	7.07444588885025	95.0937060352927	-205.067834576728	4.22726704590558	3.39096372266332	77.9106693318206	2.70246554674312	2	0.99792795945468	7.30332003133357	-0.173466530312789	35	1	
6131	kata-katta	5.00174101172143	92.4733055278616	-12.9380843444648	1.44111930765551	2.31223592415633	106.359752527796	14.9519619086498	2	0.794197666081896	223.561164917714	-0.218981093664528	35	1	
6131	reason-risen	13.6565368098148	89.1792075370704	-22.7805722274561	3.58112694817423	4.3382705909973	82.4149085269059	11.3687271666647	2	0.922506086814536	129.24795739006	-0.242556989181002	35	1	
6131	toru-tooru	2.01178329809533	96.7042060718793	-21.99534834751	4.42736239449312	2.52543349270742	85.288167904353	13.2125262407413	2	0.899184537749698	174.570849662278	-0.194730132160568	35	1	
6174	indent-intent	14.4063487199472	97.5076198955549	-56.1843694961297	2.64002993059296	3.30633848540498	84.2128858400897	9.34182580910809	2	0.968069621259602	87.269709447718	0.0039203790737691	35	1	
6174	kata-katta	27.7822850169438	80.3325870649876	-7.57004265173219	2.37309873080223	4.1717416606831	75.5260415408436	10.1614116214435	2	0.77892610224049	103.254286140408	-0.0154823804976076	35	1	
6174	reason-risen	15.2265556712996	94.2612311809194	-37.7149433647501	4.44214094333333	3.92063692644359	103.455443726846	11.0199229968935	2	0.947675230528415	121.438702857463	-0.512433119404915	35	1	
6174	toru-tooru	18.041934338002	91.3293846940952	-26.6304783896749	3.03731357652067	4.24196465465472	87.5126841944514	10.6506940255471	2	0.937293513169797	113.437283225824	-0.600687194676423	35	1	
6203	indent-intent	17.597462437028	90.5187038936018	-173.506623829724	3.92218116097557	3.4031414836612	75.8585137331804	5.64493746206032	2	0.986940130335811	31.8653189505721	-0.116440152677297	35	1	
6203	kata-katta	6.17224734911729	89.6621930003894	-20.3351187457609	4.20512978180779	4.4668083742477	93.8854775616273	9.10209629437338	2	0.951269258252088	82.8481569520455	-0.122068187256735	35	1	
6203	reason-risen	19.0774118418982	93.2281263525921	-50.304295029499	5.56275597517741	4.20777219947127	38.5918352647084	10.9845885359507	2	0.938354040388119	120.661185304139	-0.0601490200801246	35	1	
6203	toru-tooru	7.70315812410756	88.1140878818871	-44.6023003893903	4.15497642723191	3.92080114167978	84.6687956897288	9.23212603395346	2	0.96620122628442	85.2321511068012	-0.261319511513057	35	1	
6234	indent-intent	1.33863519120759	92.217528106223	-66.7235911647824	5.25126866942259	2.99623867861234	54.6320275866728	9.15308595063651	2	0.967494049093041	83.7789824197394	-0.227443765639944	35	1	
6234	kata-katta	24.0552777171908	65.5657597634134	-14.3896869669083	3.85647564935745	4.40213419436001	95.7899731481363	12.3235196728911	2	0.790406418532689	151.869137128133	-0.304715925096331	35	1	
6234	reason-risen	15.6932994891589	70.0634119845396	66.5277427299763	2.84888358641921	2.26491710366471	178.186824291068	13.5261300376618	2	0.873968932227771	182.956193795737	0.0279998480858145	35	1	
6234	toru-tooru	2.33335670303434	94.8046903033657	-20.5926298929917	1.00007407923909	4.99999808635408	101.64618849206	13.1643564523347	2	0.90922063473289	173.300280804125	-0.0459346972877545	35	1	
6235	indent-intent	6.20886860556614	88.5064961236798	-501.8298873732	1.95045634559503	2.28385917593017	64.4779802107661	14.6561841563664	2	0.905984189511184	214.803734025326	-0.0612568717246199	35	1	
6235	kata-katta	6.79915952568136	79.704560441189	-26.2451500792793	6.99015317603429	2.35235013951228	91.7882750382692	18.9712663128105	2	0.79206722491447	359.908945511578	0.0165717455524649	35	1	
6235	reason-risen	1.98246925959181	94.993766359212	55.9461729807343	4.16919276265989	1.24465504600193	179.899999999805	14.3686966564562	2	0.910433063800147	206.459443605256	-0.37264773905908	35	1	
6235	toru-tooru	2.38725031116352	94.103679021248	-35.2821772530278	2.65741564091927	4.82912184296547	111.907338392463	7.19752061992237	2	0.980145745733451	51.8043030742076	0.452319242620045	35	1	
6260	indent-intent	3.06516134632915	93.3689299273079	-45.9654039346571	4.58256113896311	3.27957952738109	76.1892093081079	7.89630153188516	2	0.978041041675759	62.3515778824519	-0.195859876076218	35	1	
6260	kata-katta	30.7553612091447	60.382766042297	-101.37513461176	4.22113800758509	4.40731098420767	133.895601511655	16.4336193897276	2	0.64042520080503	270.063846246431	-0.365620362001008	35	1	
6260	reason-risen	12.45427084162	89.9004836384455	-36.1204442191157	4.85837012131164	3.61876240932725	41.9302631793254	14.2417856524765	2	0.900282747397126	202.828458571086	-0.0535733418493691	35	1	
6260	toru-tooru	24.550046773868	85.651993569825	-999.718549629637	2.48316336271274	2.52164451854892	103.868439014758	12.0407125583637	2	0.9205112697027	144.978758913137	0.141354653562992	35	1	
6401	indent-intent	7.7804256587128	92.178512006251	-57.3030126517981	4.07904538279534	2.91890024416098	81.2639137292552	5.32663368330669	2	0.988593024524134	28.3730263961374	-0.115123281292546	35	1	
6401	kata-katta	49.532867718315	63.8564502903932	-278.345825907563	1.53956496702055	4.94214718950308	108.571294615277	14.3116504526217	2	0.443794552799973	204.823338678027	-0.202347949733341	35	1	
6401	reason-risen	6.05620248759585	86.642785409414	-16.6754551787958	3.70173323907368	4.36248303882185	79.5294645539178	11.2980372262141	2	0.905747546133635	127.645645164919	-0.227646133252506	35	1	
6401	toru-tooru	18.4387583880408	82.3350716051096	-12.7293354491719	3.03640011800159	3.72741613180555	90.9769965019345	12.9994786400792	2	0.82788300574189	168.986444913876	-0.0915059682697555	35	1	
6451	indent-intent	35.0000058697293	95.4594880178085	-37.9211576121045	3.98588520247672	1.68178552367428	80.1095131906551	9.98908368456514	2	0.848615414138246	99.7817928572455	0.00736511926290961	35	1	
6451	kata-katta	41.5494745561504	73.2573287820592	-439.702367860216	1.32229999538807	4.06031742779992	56.4817893988797	22.2390299282005	2	0.546187815395054	494.574452147396	-0.443027895824958	35	1	
6451	reason-risen	5.06018033856047	85.2263167618437	153.088947445721	3.27861116093448	3.37863934252408	170.410858389488	13.0343590692559	2	0.943635562508077	169.894516346292	-0.228149773867406	35	1	
6451	toru-tooru	0.462609391657583	90.5923915641111	-236.699364022444	5.20585643412219	4.10021174284285	98.9840432302123	10.4361590280869	2	0.972413715752212	108.913415259519	-0.202152895196793	35	1	
6509	indent-intent	2.41043599702837	93.1948092846993	-59.6789682733546	5.54542411264651	3.61293477115785	76.1407125947496	8.27863730639035	2	0.979062224794008	68.5358356507581	-0.413697309471558	35	1	
6509	kata-katta	11.6873060384734	73.9881263413503	-18.6510452726442	5.89890579625801	3.03830761451685	99.0250576160654	8.60219558257493	2	0.927230644382571	73.9977688408716	-0.0503144703782633	35	1	
6509	reason-risen	9.33345771074727	88.3333109129657	-16.9844607218302	2.20235621722438	4.09419696037523	90.2734976405408	7.79790049553991	2	0.955295288787593	60.8072521383415	-0.299172672082495	35	1	
6509	toru-tooru	8.27962998752269	90.3145292384451	-123.152382535218	3.94969456219511	3.8126884087684	104.955981354158	8.76511421445355	2	0.975009044280124	76.8272271924157	-0.201964437643318	35	1	
6660	indent-intent	5.95490874442338	87.4004299087135	-36.7228268246487	4.75049803887609	3.31570505876606	83.531937726098	6.52291391343054	2	0.980781119144861	42.5484059220257	-0.345923404902427	35	1	
6660	kata-katta	46.2386148287002	57.2928177388085	-134.790711488964	5.12422544262222	3.41253685068964	128.312672161848	11.3047661393873	2	0.408436177782308	127.797737466237	0.0842929926724066	35	1	
6660	reason-risen	5.3374363426121	87.1058099884193	-24.127093853237	2.42818115476895	2.96230777994556	82.828956892982	12.7010471632296	2	0.911109347108749	161.316599042583	0.311695814429396	35	1	
6660	toru-tooru	10.0002933423985	90.2622373986456	-18.922238105732	4.71700546539761	4.93011302878248	105.886782167028	7.4955455183859	2	0.961008280198676	56.1832026181949	-0.013995193356478	35	1	
6690	indent-intent	23.3447718703003	68.5738296537763	-17.3710547523981	5.01618916571445	2.73065055857057	78.8131668048756	5.74292551466801	2	0.939914869759251	32.9811934670248	-0.123307697096035	35	1	
6690	kata-katta	39.6992458564329	42.8603491220367	7.80888570476221	3.24762026265603	2.27443731313703	0.0101834544121004	9.82021893564082	2	0.123868334616111	96.4366999439186	0.53597828447881	35	1	
6690	reason-risen	26.8594827528546	78.3162356826034	23.5221419797154	3.58496341804841	1.00172280960567	179.899999999932	7.17991101172955	2	0.932939664805305	51.5511221363553	0.08023250875086	35	1	
6690	toru-tooru	43.3321930986516	46.3934099371002	14.0136911306019	1.16791097353368	2.8100300226701	0.0100910788468411	12.1624086568796	2	0.100115605662879	147.92418433694	0.606797655590589	35	1	
6725	indent-intent	17.0541318771596	85.0817635168996	-62.7469399111621	4.46228808603337	2.87270302067893	71.7321567707162	7.5740410802065	2	0.96677511734774	57.3660982846556	-0.0300185224335776	35	1	
6725	kata-katta	14.447574416107	60.2878963323262	-7.41579981377321	3.37575395011599	2.46562330893518	106.296371623914	14.7836160955749	2	0.591315150814229	218.55530486134	0.0898278790710873	35	1	
6725	reason-risen	11.0070006670533	81.9326079097088	-39.599156162789	2.85586872057776	3.55563412415089	97.0502855757965	11.0662606291366	2	0.93870904668191	122.462124311979	-0.367175135980086	35	1	
6725	toru-tooru	40.8604747356658	76.3251895769949	-295.802566084195	3.70802404823797	3.71616419447256	82.3991769055739	7.0010541424636	2	0.92832613357244	49.0147591057068	-0.102907502945534	35	1	
6777	indent-intent	12.3645618879978	86.353622720163	-125.114830944983	3.35882660228631	2.83566214757299	73.7623244735559	4.15098819523748	2	0.992164237617415	17.2307029970009	0.0806191160514186	35	1	
6777	kata-katta	41.5183008549236	91.6666663051941	8.20572630620889	3.20548437040143	1.00922488250007	0.0100000003241121	16.6052463460762	2	0.189332550773951	275.734206213878	0.0908114478474878	35	1	
6777	reason-risen	8.01915400914081	95.3695045148968	-32.5103733530926	4.96462400155444	4.59101767410978	80.2357058315773	9.35248963161869	2	0.961438461471545	87.469062309535	0.155242463655478	35	1	
6777	toru-tooru	9.11659754232278	84.9915650153976	-40.0505684282399	2.52492330149408	4.57430764347692	90.5280346201113	8.11392018193552	2	0.969062652838389	65.8357007188206	0.0859051506757102	35	1	
6808	indent-intent	3.66891998546061	78.2681513050696	-26.6692080018485	1.92887614155425	2.20215683873379	78.6266217924755	16.2697056244046	2	0.811114448684086	264.703321104783	-0.250268729177802	35	1	
6808	kata-katta	3.66852514455849	94.630227613959	-15.2204413808569	2.35426090798155	3.57985914423209	99.1963741650917	17.9365510405289	2	0.80866919214277	321.719863229499	0.252579037116453	35	1	
6808	reason-risen	6.12462664210002	88.0720866049845	274.182618673252	3.03175763054534	3.67760288880854	179.548554620501	13.9137992773672	2	0.935785349685678	193.593810330865	-0.0883589558073996	35	1	
6808	toru-tooru	7.33334250978662	99.3333259761564	-37.1365932405305	4.90246424160678	2.64759365919023	89.9654579197457	9.77536509435011	2	0.960203740868526	95.5577627278386	0.221951803547289	35	1	
6840	indent-intent	8.80596216644008	96.4609744294871	-961.600675591808	1.46490537951951	2.79433195416035	68.4360018215352	11.3294255289808	2	0.963543058963592	128.355882816723	-0.0135001460538387	35	1	
6840	kata-katta	11.9235300627356	91.3731074152183	-37.8110572708045	3.37646970808708	3.97763757688876	93.6813732846038	12.1434118769614	2	0.939195089186085	147.462452013526	-0.20255869541464	35	1	
6840	reason-risen	14.8364716421326	83.6839333835265	39.226495572734	2.87944088918409	3.03541611010713	175.706256367256	8.52457512863607	2	0.955834108769254	72.6683811237607	0.205797417459326	35	1	
6840	toru-tooru	16.3639999681145	90.158161510609	-55.6064333973087	3.72253279723507	4.39472800413808	91.5681686349576	15.0578359304137	2	0.910164401147567	226.738422907256	-0.188991078991226	35	1	
6867	indent-intent	6.44617677022157	95.6201261617571	-117.542673585127	5.29183882133108	4.23489108906233	79.6053840868498	5.91552455799852	2	0.990114872873774	34.9934307962835	-0.175299986047362	35	1	
6867	kata-katta	13.4688085678321	41.0833756285098	-152.341820531633	5.06543393031086	4.98987435778646	168.794058794636	24.6092133479247	2	0.344826104591782	605.613381603674	-0.0865626036662081	35	1	
6867	reason-risen	12.0991081266968	93.9053075140224	-87.5429944779948	3.06970497037224	4.41304187660787	92.7075812244591	11.0225568492409	2	0.960631064681752	121.496759494748	-0.233725870269591	35	1	
6867	toru-tooru	5.33567366039317	92.9388763175852	-436.926181671436	3.94393379420481	3.49915274312934	100.339596929496	5.28944461039676	2	0.992387917718282	27.9782242864554	-0.0726945287515081	35	1	
6993	indent-intent	1.66670848952962	85.7965767389763	-20.1365554425468	6.40962722121085	2.86666541676202	81.5531062461283	13.8337482520719	2	0.885814396048464	191.372590701703	-0.0793734969845958	35	1	
6993	kata-katta	24.417188071795	50.9762628947554	-489.767771379611	4.11156976123732	2.43535571864533	58.7245148460368	13.4869423145379	2	0.609040925944057	181.897612995674	-0.143959049820889	35	1	
6993	reason-risen	3.56885128633587	85.0281348620185	17.128046302638	3.00073938667763	3.58895301778051	179.8999999997	15.1904600654749	2	0.802483799165151	230.750077000789	-0.0580362149378949	35	1	
6993	toru-tooru	6.01215120474056	88.567045600113	-13.3126293597274	3.66415694712466	3.82867110675132	110.58019627169	13.9414528014708	2	0.83694809090852	194.364106215637	0.117062243758292	35	1	
6994	indent-intent	6.75070323328318	98.4627285219238	-64.1686495070045	1.93194241158901	3.26206404684096	79.5951582167349	8.42340360157809	2	0.978413776026706	70.9537282350788	-0.194443901413919	35	1	
6994	kata-katta	27.5078365810794	39.605899459813	141.492009708801	1.08281094813179	1.826170079773	0.140361824522643	21.8646298320308	2	0.261650124559678	478.062037691733	0.204796199150491	35	1	
6994	reason-risen	22.6666669021429	70.8633745317754	19.2623498992725	1.15750295706404	4.98909362444677	179.899999999598	17.8188276184845	2	0.497886948245546	317.510617697266	-0.0649736252437628	35	1	
6994	toru-tooru	10.7990729064844	75.0759292880219	-21.877714847001	3.99066396770847	3.06107930617824	97.2615936035593	14.0165760447314	2	0.855532664616581	196.464404017738	-0.0784712993471647	35	1	
6998	indent-intent	30.6726082855802	62.2291940141161	-30.5903744933875	1.91714272541907	2.78793441441972	73.0655101484821	5.63082388802014	2	0.922003893895832	31.7061776578983	-0.190697120540169	35	1	
6998	kata-katta	38.6924109485714	54.8383121203665	-70.3748353574155	4.49325301831736	2.99843227236084	91.3467076630717	5.60525201293313	2	0.787397622253294	31.4188501284909	0	35	3	refit with mean slope and original for all other params
6998	reason-risen	31.250945352955	68.5782907655953	9.74760718048925	3.14336969181392	3.30654243835916	179.899999972913	3.7271477792047	2	0.945093367943187	13.8916305680305	0.0818002743560256	35	1	
6998	toru-tooru	39.8530424291749	57.4568937989619	-74.2737477591384	5.36193707103842	4.92250259023054	88.5833238548833	5.84946815351712	2	0.804292987899967	34.216277679011	0	35	3	refit with mean slope and original for all other params
7091	indent-intent	4.64767555066017	95.0682847176308	-62.8072453625966	3.63850434823543	3.09573640381803	79.1934351310236	7.39743774873579	2	0.982042188053838	54.7220852464212	-0.1322559351169	35	1	
7091	kata-katta	11.3308776924896	93.9985989251665	-20.7124928174271	2.37417817754589	4.96217779463688	99.4434556179229	7.77763176935551	2	0.961647861248798	60.4915559396881	0.074204265978667	35	1	
7091	reason-risen	3.33345976042575	95.424719376668	-25.8700448634112	4.04732631062318	3.51125909523082	92.4218903605277	10.3254523770919	2	0.95409049747739	106.614966791592	-0.0587282340797334	35	1	
7091	toru-tooru	4.19035653961998	94.8410372480477	-44.8824754290675	3.47121072668636	4.60984497806504	105.091427287023	7.55496487836724	2	0.980697865240424	57.0774943133626	-0.589146021768256	35	1	
7107	indent-intent	7.67270738217445	90.2247491943056	-32.5841711167853	2.42684339031676	2.33557299533841	63.2465642424084	10.1253046064425	2	0.925824123904065	102.521793373246	0.252822260948119	35	1	
7107	kata-katta	6.33346643435857	78.2779114300261	-30.2663758079836	3.24945694444176	1.90093377463151	78.3129861647644	13.2097937811577	2	0.828641776547578	174.498651740713	-0.124272024121871	35	1	
7107	reason-risen	5.15595988251727	73.3637464787827	17.8687559199461	3.17118497031782	2.30062819245408	179.899999999985	18.2888124787777	2	0.733122223327753	334.480661883895	0.10166782206362	35	1	
7107	toru-tooru	5.72023154699441	95.9179893030482	-20.4451504189267	3.49728346434719	3.0699109770544	97.604483008954	12.7995398923829	2	0.907682323722909	163.828221456702	-0.424370094535869	35	1	
7172	indent-intent	25.8917866102573	79.2470356746712	-22.142118191072	5.31943177047495	4.01909824669973	97.0040810150637	8.17339268250725	2	0.935150102101903	66.8043479424631	0.179519756893776	35	1	
7172	kata-katta	36.0554359729832	64.9801026008015	-380.068550449746	2.75184827720483	4.08869601205437	122.669738438265	10.5955662550111	2	0.800152136387396	112.266024264331	-0.0771053995190088	35	1	
7172	reason-risen	11.8709783054737	77.6652265075153	-22.8593961115608	4.462587488461	2.98326157496668	82.7295204765412	11.499901878734	2	0.89915121052423	132.247743220509	-0.144555529093687	35	1	
7172	toru-tooru	8.04302787513353	70.6004096368646	-14.8393913101829	2.67632065635435	3.32154388614263	78.8448155992896	10.7668863513912	2	0.881456659809303	115.925841703773	0.463645728030029	35	1	
7187	indent-intent	7.92924334037104e-05	98.6744221638776	-38.1465203248403	3.90661824860378	3.31508222899701	75.6428210601136	6.61699368877361	2	0.985746997310152	43.7846054772698	-0.106832149666519	35	1	
7187	kata-katta	7.66667567444002	79.6666606255873	-8.76020439154011	4.78188333256948	3.85232207833496	87.2171290026211	12.8369111047253	2	0.781570462347128	164.786286710621	0.255233656465653	35	1	
7187	reason-risen	11.4683317241835	77.9977903185719	26.2810485809171	2.98709270276042	1.07519785852231	179.899999999992	12.1532610508639	2	0.890432323711212	147.701754170445	0.287313137984277	35	1	
7187	toru-tooru	2.60083711294791	93.3607021964923	-41.2581782032289	2.76540921612234	3.52396978941313	90.7238748611242	9.42623772621726	2	0.969209652016598	88.8539576711615	0.116762589022305	35	1	
7189	indent-intent	24.1894693231044	88.666471269138	-992.201482425228	1.30085593577053	2.5002278349511	59.4471033792438	17.4534267665113	2	0.849103795222425	304.622105893974	-0.0538870073267031	35	1	
7189	kata-katta	0.333358546113257	91.7562268279035	-58.1233316190632	4.090751689104	3.04540544030061	92.9786572850298	12.41185581592	2	0.953630751804077	154.054164795186	0.0517095589591172	35	1	
7189	reason-risen	3.09943391663541	97.9178929640773	65.8067640733236	3.02036372670024	2.66163444009146	179.899999999998	16.412455900293	2	0.924552524945565	269.368708679063	0.205594768335579	35	1	
7189	toru-tooru	3.59282143168214	99.6269662025475	-42.0302500740533	5.45299032911471	3.63952779909824	91.5414861337738	16.7289962832676	2	0.920504630798908	279.859316645581	-0.596248422759814	35	1	
7201	indent-intent	17.0026996948124	92.0164847222638	-69.4259600041246	5.41886555048188	3.51933406829092	81.3545706424708	5.88882313533624	2	0.985526375030671	34.6782379192713	-0.108863541303183	35	1	
7201	kata-katta	22.3356924630375	76.4487134253317	-7.78655717019611	3.63146700323814	3.85154174391364	95.4540944654996	9.85095672664073	2	0.80886710524819	97.0413484301482	-0.131941871260892	35	1	
7201	reason-risen	11.3336667770266	81.14656831911	-23.5992723057839	3.93821762539575	2.27814925511911	90.2445683674474	8.81353137017106	2	0.931828584560871	77.6783352129893	0.186576951398536	35	1	
7201	toru-tooru	31.7892852516895	74.9999993061951	-4.39007881413415	3.33641931446312	4.9999995477735	89.9025745073518	6.92830113516184	2	0.75432994679077	48.0013566194848	0.0916149872712649	35	1	
7464	indent-intent	28.7613283169097	83.1076118168934	-58.2695057307359	3.9073568188473	3.58576770343331	78.894928204751	6.34011598781588	2	0.969666556587087	40.1970707389586	-0.0769160574214524	35	1	
7464	kata-katta	43.9876921483429	50.4600890864103	17.1619414068568	2.24208801405444	3.05333498435665	0.0100000056464182	9.48512711320323	2	0.291791696114503	89.967636353623	0.369291459271614	35	1	
7464	reason-risen	17.448569616883	80.6542678462954	-20.3652168039478	3.74673159296992	4.63937944714995	90.6489075796979	6.83269734838713	2	0.959235039214973	46.6857530546565	0.172046171942434	35	1	
7464	toru-tooru	24.1350900926401	81.458861787044	-18.589729236851	3.65514902195053	3.23626421878259	87.230148756201	5.8798283546921	2	0.962380152291683	34.5723814806412	-0.107258232610288	35	1	
7470	indent-intent	0.647436856499935	99.8641087148292	-94.4546795995556	5.38214457661919	3.26287931918727	78.4014807564306	4.1399035366121	2	0.995694417948997	17.1388012924534	0.000295168598604622	35	1	
7470	kata-katta	2.43606037952926e-07	99.9999970934864	-22.9547005971473	1.00003255099899	4.99999994195117	86.4741412597625	12.7916755245998	2	0.924502403528429	163.626962726646	0.0323861923539088	35	1	
7470	reason-risen	3.80242308416605	93.7442420271655	-87.3787447237786	4.0378011543692	4.72011578253966	102.651872535611	11.3737705844702	2	0.963896535023373	129.362657308159	-0.493061494250283	35	1	
7470	toru-tooru	5.07607914655428e-05	99.9998785945444	-56.6001516595452	4.02840820797896	4.31856419861471	90.9555102503069	7.50091045386773	2	0.98567613577308	56.2636576369423	-0.309337944292853	35	1	
7474	indent-intent	3.40831438081169	92.6747679739678	-101.517610572794	3.81442891611871	2.87072971875528	69.8467812531104	13.8944454217665	2	0.940465177240455	193.055613578448	-0.101113680273845	35	1	
7474	kata-katta	4.66831740103638	95.7188314151643	-32.5132596685846	5.13643437368433	4.05017552449619	89.934860218703	16.9931921607739	2	0.901520814536247	288.768579812989	-0.171657178474023	35	1	
7474	reason-risen	1.53956070114702e-10	99.9999999984478	24.7175117769524	3.99632822909505	2.21346521258731	179.899999999993	21.7000939144804	2	0.758792879525669	470.894075897267	0.341888019469757	35	1	
7474	toru-tooru	12.3248654226705	98.7678484210287	-31.7475750660253	4.82795940170576	3.59838314405134	108.177157804759	11.0555216961329	2	0.946785269432189	122.224559973666	0.0657643777091221	35	1	
7480	indent-intent	47.0445546366744	60.3764745088095	2.93625799930081	1.00014937441492	4.99702052730856	164.47818229986	9.74924009539277	2	0.293535118322683	95.0476824376141	-0.0499410407720169	35	1	
7480	kata-katta	9.3535296682153	50.2256734151919	-11.4987340302389	3.2953995436058	2.20929882254955	83.2489303693628	12.0736576997006	2	0.68896816136017	145.77321024954	-0.248276804003146	35	1	
7480	reason-risen	38.5579321103785	69.3797014381313	0.498448048789277	6.98629188965725	1.99449966436429	179.899810550367	13.1385551158948	2	0.0527432016151654	172.621630533405	-0.203926033638821	35	1	
7480	toru-tooru	7.66716234989105	70.3058670251732	-19.9476588192725	4.08481124879958	2.58800936865324	87.5154289689542	9.4906571460839	2	0.910638484592749	90.0725730645135	0.0480773581339553	35	1	
