ID	pair	B1	B2	Slope	X1	X2	Theta	PointVar	exitflag	R	LS	AR	N	status	comment
12875031	indent-intent	18.4373680519914	82.0063301898486	-60.0679116366979	5.61380183107972	3.3779045407375	87.0934356297981	12.6585078101671	2	0.916480642673424	160.237819980062	0.105256775292787	102	1	
12875031	kata-katta	35.6341868735036	56.0405765532997	-13.8555188204095	1.48018667173874	3.51210716200915	46.7457588496902	24.4459217315376	2	0.325915657141557	597.603089304463	-0.225324769636152	103	1	
12875031	reason-risen	19.1731205548241	95.958779478335	-19.5654270749263	2.88211984308267	4.79718684980792	78.3089810906393	15.7124109197433	2	0.834778550195389	246.879856910869	0.0494073514842921	103	1	
12875031	toru-tooru	18.8075331323836	97.9999942002435	-11.0944430958808	3.56360305478676	4.72076733477406	90.2908455600594	20.7525774645528	2	0.678600132509347	430.669471422265	0.199564325210001	97	1	
12875096	indent-intent	4.1824344284371	96.4062067318273	-157.818553180222	2.7443743092176	2.84984347441731	77.5444495544941	12.1839622267187	2	0.958976435074345	148.448935542109	-0.21416772995952	103	1	
12875096	kata-katta	0.000295489002258509	96.3554546774818	-29.1099415000376	2.18674263904374	3.12351894972399	106.714172649823	30.4048061339717	2	0.742890028660485	924.452236044402	0.00906680612313837	103	1	
12875096	reason-risen	2.52251459078285	97.7871890757871	-45.1251370569426	1.29799359585578	3.43718293902327	78.9997929451044	23.939315435379	2	0.854020547259819	573.090823514574	-0.069606381625049	103	1	
12875096	toru-tooru	6.13645973206511	93.7405124639529	-85.568222423567	5.35756426906293	3.38535901576156	99.5570289899918	18.9135819934067	2	0.902472553180152	357.72358382132	-0.111582057806432	102	1	
12875098	indent-intent	4.4525037599637	94.3511867548706	-87.825429662015	2.78400749224728	3.53421669246522	76.9928828439372	14.1432482701936	2	0.946056450047691	200.031471632335	-0.0451019409286616	102	1	
12875098	kata-katta	5.01879760694329	82.7677986913844	-12.1650490864573	3.09224965878196	2.91265423009397	98.0162418934788	25.1307001151676	2	0.600964936789322	631.552088278486	-0.0905359472074198	100	1	
12875098	reason-risen	29.9271857216412	64.6956040743927	-175.783387922334	2.573184784449	2.89328176700744	44.2982343999743	27.508896655229	2	0.48218280616618	756.739395188071	0.0697917739058071	100	1	
12875098	toru-tooru	22.0180991049324	86.1916516559655	-26.1764794761792	4.11549454600551	3.9118752523256	91.6884150835839	21.7424789092047	2	0.767347904541223	472.735389117209	-0.103384543829819	94	1	
12875103	indent-intent	4.13223961289576	85.0292876813966	-70.4170941284447	2.7726034430233	2.72809027424198	75.6521821467873	18.346086983432	2	0.873018495482156	336.578907603655	-0.160422075892663	96	1	
12875103	kata-katta	8.33784361522273	97.7459194216721	-6.19889847462603	4.7844594503245	4.99945540430733	100.674198908178	29.2274349479567	2	0.37781709390631	854.24295363704	-0.0101224427986864	99	1	
12875103	reason-risen	3.50033015196005	87.4651095381665	-55.3437382539689	3.57906771555215	3.76062145585193	95.284874326095	16.1705819612784	2	0.915784702178199	261.487720966423	0.103291922864841	102	1	
12875103	toru-tooru	13.8032822259222	72.8859607369427	-581.668776952929	2.71517640460667	3.00311831314345	72.8957710268047	34.8517698724659	2	0.628501141011065	1214.64586324332	0.048225182998748	99	1	
12875114	indent-intent	5.87794628122602	98.6591403806973	-61.8953155818852	1.51512439912898	2.90050001135825	67.334349309312	19.0024433601249	2	0.896651014900682	361.092853654753	0.0719585661998943	102	1	
12875114	kata-katta	8.18950949511436	90.5029777313461	-36.4756787539148	5.36509988941194	4.20952438323024	82.2576008185103	23.3879123777021	2	0.819283721889293	546.99444538707	-0.0809310776609833	101	1	
12875114	reason-risen	4.86188511358288e-05	99.1736734654205	-52.1053552897563	2.56814933034314	2.66725882934154	4.80109732926439	27.97806244648	2	0.811858824262834	782.771978259134	-0.0800274306307801	99	1	
12875114	toru-tooru	4.1109491013535	93.0275133029658	-84.9782790266111	4.04075115941078	3.66035711766767	86.3569358124282	18.3153100695899	2	0.912450298372238	335.450582945221	0.140387978068139	102	1	
12875138	indent-intent	19.0797460010975	91.7358930346527	-79.4882256559056	3.32544194226136	4.06847868608474	85.5276009330591	26.2274467189737	2	0.788905012407306	687.878961396607	0.277423115075681	97	1	
12875138	kata-katta	5.17896144350375	87.9776141970245	-29.9782510220559	2.93295559623885	4.81332431837264	106.546473552824	30.2259399156548	2	0.723982358252413	913.607443784776	-0.0488273070260984	103	1	
12875138	reason-risen	3.12352052162834	96.3028861073213	-47.3093344110009	4.74242620639644	3.26500199961483	84.3325199317344	18.281056830826	2	0.902660365785072	334.19703885189	-0.26389315142734	105	1	
12875138	toru-tooru	9.08804360832502	81.0738071463267	-42.2494565195684	1.36927136145432	3.76255625932988	84.7137456656401	31.5072625468867	2	0.705681430013043	992.707593198451	-0.0328693202478524	104	1	
12875156	indent-intent	10.4445664104436	78.4723358800171	-337.230129700337	4.2905584408673	3.06431690919544	86.5377299784902	17.9636545560719	2	0.871052664856234	322.692885009884	-0.0981737116165834	101	1	
12875156	kata-katta	39.866552950823	53.9058943127546	-348.011412066551	3.58822988484797	1.93783894149128	74.6354625795402	13.711892653839	2	0.360677887602815	188.016000150403	-0.118440352331531	103	1	
12875156	reason-risen	11.6375374700297	88.2215976157696	-37.8138001033988	4.16643989830964	4.79280489345495	98.4132737170932	18.343766721948	2	0.865745066202143	336.493777549248	-0.18815680957988	102	1	
12875156	toru-tooru	30.5867031465627	57.1118411059126	-15.0044956747005	1.00000001669015	4.99999997533557	139.374060375014	18.5647732277959	2	0.486827625371655	344.650804999487	0.016476766238831	104	1	
12875178	indent-intent	0.0084954011428961	99.9994893556068	-220.363670188628	4.71974307877885	2.9968397067526	80.5540127424633	11.1538816499822	2	0.971457501557058	124.409075861809	-0.266198019854018	98	1	
12875178	kata-katta	4.01831258886812	90.5755416670805	-6.19854589044758	4.47977422787477	4.98084264713867	91.4367078810573	19.3762301735935	2	0.523106982431057	375.438295740076	-0.00929834819103427	102	1	
12875178	reason-risen	4.58137098367837	99.9714955220254	-57.0643257306393	2.93267739197633	4.1260016870355	85.5095837311774	20.6069820316675	2	0.900382886506387	424.647708453468	0.0793043481601657	100	1	
12875178	toru-tooru	0.000205146912710119	89.3558024268198	-20.0173318141005	4.26557402295646	3.78628138479877	87.5323084127183	23.9185261841408	2	0.773071567288611	572.095894821431	-0.0315797291643499	101	1	
12875190	indent-intent	1.35912959392491	94.7622261264543	-44.3077842422326	4.32528100942126	3.13108494269825	84.0486170568172	16.9497124317137	2	0.911230602660084	287.292751517789	-0.00537921660598937	104	1	
12875190	kata-katta	41.1092773578453	53.7559240246878	146.950456914341	1.5534729635762	4.00479167270693	68.0525179821883	22.2904859235402	2	0.264248473520124	496.865762707544	-0.0689668498899633	93	1	
12875190	reason-risen	11.2587342461727	87.8615514551194	-16.3444383560905	2.64242507527974	3.52237480523925	87.5444741472504	18.9114831631919	2	0.781750705472314	357.64419543169	-0.107972542561958	105	1	
12875190	toru-tooru	6.66351000546924	99.9906894000496	-26.9955565794041	3.97938976075015	4.63026364962304	95.7322917270606	23.6893634828857	2	0.814610495690238	561.18594222428	-0.0869303244637184	99	1	
12875208	indent-intent	0.409401736145622	99.5143820023367	-999.999866726393	4.21484091035402	2.7422018137893	76.1826811693395	0.799802054062946	2	0.999847590062941	0.639683325683308	-0.197318180826465	103	1	
12875208	kata-katta	35.3695558292261	70.8307244892067	-11.5691564527684	1.00000860855127	4.99999979343394	75.9989746043077	42.9744615244347	2	0.247027835759199	1846.80434331512	-0.197638992975776	104	1	
12875208	reason-risen	22.3013953283102	96.0833251467291	-36.391626238364	4.83583288103037	4.37712560629629	92.1179899807293	35.0431621143964	2	0.661335799507736	1228.02321097587	0.0709330496317084	104	1	
12875208	toru-tooru	22.9217797581209	89.7876144424827	-277.017978693358	3.31284519631491	3.88889544213288	88.7514409642242	34.682433893896	2	0.67642136371974	1202.87122080447	0.342454416201004	104	1	
12875212	indent-intent	9.84691981769402	88.2841035633856	-50.4181496501822	3.92229525107991	3.31793483474461	85.843328272524	12.0955789931325	2	0.941561565368157	146.303031179109	-0.0388148675653331	105	1	
12875212	kata-katta	2.15770568102563	93.2675307078043	-12.365309988244	3.93825480151832	3.6435633919297	89.5325328114471	19.5029318213652	2	0.738095888682784	380.364349628818	0.00715859085981665	103	1	
12875212	reason-risen	18.4386167605651	94.124911229745	-31.6021340242282	5.43703417554052	4.53072932015847	1.94460373887048	17.1642529673848	2	0.832940689352805	294.611579928377	0.0840188053682993	96	1	
12875212	toru-tooru	2.21665728842285	85.7111702436788	-17.9303819542357	5.63831820355291	3.28026661560966	73.5704588204282	20.1074404944431	2	0.781371110536488	404.309163237569	-0.0491127870198572	92	1	
12875231	indent-intent	13.7750299401669	86.4697059986192	-76.2014587901667	3.79306283806419	3.22788310012015	85.4074317049293	10.7335418281651	2	0.950825856113876	115.20892017697	-0.210393139579647	99	1	
12875231	kata-katta	5.00070328024619	89.0952504838857	-12.3041255794874	2.04798173521873	3.26349475166821	140.661528404841	24.2040537573947	2	0.588626718286956	585.836218290855	0.0726858569244523	99	1	
12875231	reason-risen	4.00179567356836	84.663731330929	-20.0971857060222	4.39513217468501	2.51334866129667	68.4827689756552	19.850812274045	2	0.747156771355806	394.054747939375	-0.191366472101389	104	1	
12875231	toru-tooru	21.4140112296532	86.2509672871243	-244.785198255998	4.25766105842316	3.49553258814521	75.3107784437135	11.4420783964109	2	0.940000950070237	130.921158029614	0.14020118967315	97	1	
12875238	indent-intent	23.3327961766945	84.2314754719562	-71.9270915850588	3.9954847714971	3.24356040070619	76.0957517062797	7.03723842687262	2	0.969414633315223	49.5227246766527	0.181400948191354	104	1	
12875238	kata-katta	8.00934215876678	77.8654125445297	-13.402123177826	5.17888928668208	2.90247737087202	96.0750930825384	11.7844309541524	2	0.852736069392252	138.872812913186	-0.181693969227413	103	1	
12875238	reason-risen	13.8940649744425	80.3936326201202	-16.0930555925114	5.08968055995332	3.83165513804526	79.1458997437127	10.1554041920328	2	0.909105113503662	103.132234303557	0.158283379414924	104	1	
12875238	toru-tooru	9.11495643663834	79.8197070574493	-19.3361023251116	4.21323964887552	3.62820365842097	97.5024952074285	13.1595470560891	2	0.882040998888934	173.173678721424	-0.0394089094373584	104	1	
12875341	indent-intent	9.93997449222025	89.5456738525943	-3.1027397301614	1.03352456726169	4.96989644391415	132.272571952724	24.6464148843211	2	0.213038412360535	607.445766650083	-0.0238706460236158	105	1	
12875341	kata-katta	14.8775936038163	77.2043279645178	-51.1893238591159	3.75675937631025	3.84036654736664	81.4485651782251	21.2258618603249	2	0.799358650340503	450.537211713594	0.0540673743808068	105	1	
12875341	reason-risen	1.59245606860022	94.6250372328826	-57.2943780035327	6.75439316618947	4.69057483045164	10.9501080489186	20.6765604008644	2	0.878737957159126	427.520150010594	0.077661655004701	105	1	
12875341	toru-tooru	0.345187239378123	95.9061342306821	-65.4729035773813	4.85133589664135	3.26829797395057	100.54339062262	15.5389361291944	2	0.935360841030022	241.458536027183	-0.341219905647891	104	1	
12875348	indent-intent	0.52964506333743	99.9994506222571	-49.2142890046065	4.9977645918515	3.63101612671279	82.619476360145	11.8668916416565	2	0.962236391567556	140.823117234817	-0.123781859851374	104	1	
12875348	kata-katta	0.000494489259771969	95.642520792034	-10.0213801511325	5.16888242287304	3.07185695957118	85.5291742273048	17.8503744246137	2	0.711020802001151	318.635867098904	-0.0995272054183929	104	1	
12875348	reason-risen	3.03089034230375e-05	96.5437122700961	-21.6435097545888	3.42856680726286	3.71670365829618	83.5570393331326	14.1476530843557	2	0.915515256180022	200.156087795279	-0.142512748149934	102	1	
12875348	toru-tooru	2.36169683270893e-06	96.2554169483837	-29.6100784401664	3.81621736870402	2.61290283750065	100.26348070982	13.7197275691854	2	0.919335689761483	188.230924572667	-0.0128250288185002	105	1	
12875356	indent-intent	1.44851839219557	99.6158691347873	-689.174262999623	3.79309447041509	3.43510548937147	76.9205603577302	8.26214137827272	2	0.985272366167166	68.2629801545663	-0.223726272038669	105	1	
12875356	kata-katta	32.3332174713843	86.6175634933598	-30.3420431763346	1.00016364890855	4.99999774851234	97.7328329053278	29.2618033369011	2	0.611695136098124	856.253134527475	-0.205455683444003	105	1	
12875356	reason-risen	3.62686764440985	99.9841978595124	-68.4882245913843	6.16148919001415	4.58890314541264	79.8033421685671	20.0832790656543	2	0.90033197503096	403.33809802895	-0.114549844822136	105	1	
12875356	toru-tooru	0.000298021156740047	99.9999157204658	-34.0940317428819	3.94048609885122	2.9772335290194	99.6753946767309	24.952566612167	2	0.821801414417198	622.630580534629	-0.102350129925017	105	1	
12875363	indent-intent	1.62508935476603	97.1539439954019	-71.4195920514013	3.15902587007345	3.25502914805622	74.5844994320164	13.7606687965669	2	0.950279713698659	189.35600572881	-0.144226422832888	103	1	
12875363	kata-katta	53.6249520483252	65.0501367982615	-199.581926003153	3.21980392286487	2.7438932928903	102.800441350362	14.7065868613388	2	0.336873123334494	216.283697110102	-0.0955714660712854	91	1	
12875363	reason-risen	1.07402678110075	95.8748022520229	-26.5196639986535	3.86819583246448	4.6681936629575	94.5143334003966	15.8741807576088	2	0.900968398870346	251.989614725236	0.0323539934211096	104	1	
12875363	toru-tooru	51.6521800293701	59.2355049527531	-60.1360305215835	1.24767560662671	3.54277366962443	48.731057842233	17.4996809318182	2	0.205180016324467	306.238832715443	-0.127355159749798	97	1	
12875386	indent-intent	5.58658472720326	90.7816505799986	-492.356283074465	1.92105973358485	3.20526343111505	81.305150440012	13.263044125765	2	0.951880516618485	175.908339481989	-0.0410877504779508	104	1	
12875386	kata-katta	16.9967530102746	96.8885737641042	20.3098298079702	6.84667824971445	2.08314533436751	105.603955429545	28.4628571057404	2	0.608744620385661	810.134234621795	-0.0804091878073608	102	1	
12875386	reason-risen	17.9469349877986	82.6442570383689	-729.075811860345	2.27380716119037	3.35693138864134	75.0870456996016	27.1535739636439	2	0.755746537555428	737.31657899908	0.0962631096379536	98	1	
12875386	toru-tooru	5.85847990828765	71.6007802884097	-499.520289523533	2.70175651545052	3.64346846370845	64.9355406375256	15.9194782906013	2	0.895123363223189	253.429789044926	0.114795495789168	104	1	
12875420	indent-intent	8.21806245511203e-05	97.938162717215	-96.2512256122901	2.2688257298073	2.00088645388375	82.2457818051725	19.3550184741428	2	0.872002052815403	374.616740134409	-0.0853291391722916	97	1	
12875420	kata-katta	4.85681765552994	82.49326507711	-35.7854612955368	5.72731367782287	1.42972790931751	72.1240549959674	36.6520609857985	2	0.31398563150554	1343.37357450669	-0.15452148443677	102	1	
12875420	reason-risen	2.7975727739083	99.9996015560113	-69.0476925430111	5.93381846091179	4.76398671028076	3.40745180950492	25.9049071495611	2	0.83430904183369	671.064214427381	0.0972192037377761	98	1	
12875420	toru-tooru	10.4173313222458	62.5926571590355	-568.385668531277	3.57784624745055	3.38380000354898	76.9663316442468	37.9974883458089	2	0.553579107143736	1443.80912058989	-0.148826547996831	100	1	
12875426	indent-intent	6.28295705908166	85.2492527920644	-38.9836789807133	3.98653557286855	2.88196149591462	87.7875721951833	18.1185273460655	2	0.865365239859538	328.281033190125	-0.0266450085007664	99	1	
12875426	kata-katta	6.00602576759033	85.6974171747463	-5.34895880248135	2.79714329296698	4.66891811625342	86.6698563600113	17.2763798569266	2	0.509375522217788	298.473300960818	-0.0557858942312983	96	1	
12875426	reason-risen	17.9237731703135	78.0351623392096	-22.5485626200492	1.63971498044987	3.52093773682585	66.7723658254196	24.3476581429915	2	0.69174603564106	592.808457047982	0.0402486720959228	101	1	
12875426	toru-tooru	9.77587959219831	83.3696726254607	-19.9834823191704	3.83686620823538	4.11354424085637	103.576371576709	19.6629524908495	2	0.801039828066643	386.631700657403	-0.109448760551249	93	1	
12875440	indent-intent	0.792986915934596	99.5300082789589	-78.2214297910429	5.62674748192603	2.95888393967345	69.5270139625445	10.1216705292494	2	0.971140184205262	102.448214302675	-0.315026423899324	94	1	
12875440	kata-katta	18.5150465097458	95.1634322132006	-34.9644728342992	4.29444148641577	3.93094878423358	92.1523842335896	26.9021867532487	2	0.763464905705765	723.727652106668	-0.205850500239417	101	1	
12875440	reason-risen	2.2524480938757e-06	99.9999952851512	-47.66091639905	3.3448994926741	3.47017453067738	85.6497547349758	18.4116810047831	2	0.915202286449675	338.989997421892	0.131288057716856	105	1	
12875440	toru-tooru	1.30164712207742	95.4150567587923	-73.9404844440141	6.45988890710711	4.07672957109059	115.549869770911	17.7296119795016	2	0.917897806544244	314.339140943685	-0.00414754644970714	105	1	
12875448	indent-intent	2.60867718810139	96.1443665488783	-49.7378758152853	4.30597624873441	3.07834748358116	76.5598724747091	12.2706197823551	2	0.951549266161857	150.568109843124	0.0375151212309116	104	1	
12875448	kata-katta	24.0232185099857	75.0141911161337	-14.9610504406428	6.04014596317737	3.99178145640812	70.9895776715219	23.3097068411234	2	0.616870673854102	543.342433019115	0.120567822899065	103	1	
12875448	reason-risen	3.00571608752485	99.9965778562623	-18.661566745992	4.44003102640042	4.21362970106628	66.9702292038208	17.7596662863388	2	0.836833571645054	315.405746602119	-0.0468772541829235	102	1	
12875448	toru-tooru	22.651138746745	88.847028518199	-23.1622534401101	3.94846763720277	3.86692712947097	81.8613628398728	15.4487286209988	2	0.854822950682373	238.663216005267	0.0289933911229204	104	1	
12875456	indent-intent	6.48196389374881	91.4853364398144	-81.0333023875975	5.07347526879528	3.10530872692195	79.9865213152138	16.1568729937796	2	0.918636720529571	261.044544937125	-0.129779822369417	104	1	
12875456	kata-katta	19.0354238842453	56.908361434438	-135.697355987401	1.11536968488279	1.65803773457829	30.1600182149144	28.3982665002212	2	0.403282571369914	806.461540217586	-0.0616415563648592	104	1	
12875456	reason-risen	10.3292611937837	91.0917852726604	-73.7574683549664	1.94037479832916	4.05209058295789	85.3775893290515	19.134364836168	2	0.887060672291213	366.123917683583	-0.216862933680372	102	1	
12875456	toru-tooru	3.90987433707113	96.7234046548272	-42.0607782702946	4.7020579494795	3.76254826682651	83.067081468933	21.4390010553547	2	0.871906291969996	459.630766251502	-0.0731353310482364	103	1	
12875458	indent-intent	7.97750740531849	95.2932230081357	-52.2285544641179	4.30222079349261	2.82865095513915	73.9021170474293	13.3975016659439	2	0.932441182895584	179.49305088897	0.0644976358574934	103	1	
12875458	kata-katta	22.9579853698873	76.4388352065868	-18.8157643967984	4.67125607622691	3.73900081041069	88.9568700992106	15.5689478956782	2	0.79912330349229	242.392138578343	0.142239117185433	103	1	
12875458	reason-risen	3.34178432047638e-05	95.4300401861009	-31.0580365157536	3.77943007235348	3.76483878803858	80.2804164465172	14.2994282238868	2	0.932449879204678	204.47364753009	-0.0586755450714517	102	1	
12875458	toru-tooru	2.66961262055549	91.5285789327156	-36.1435088358324	5.68238012738432	3.28975445928482	101.73636602962	16.3958185816519	2	0.900740492576009	268.822866962441	-0.0531648741224533	104	1	
12875465	indent-intent	10.027001165915	75.7312975519986	-14.6184989803371	4.26401559177705	2.50266884888758	52.8185838782747	20.6913765878091	2	0.594234334163806	428.133065098533	-0.0251465568035863	104	1	
12875465	kata-katta	14.0011339300525	78.9497327612368	-3.47647627930931	1.00510404383246	4.99985423018545	102.181405161297	25.4278624084341	2	0.257267849107458	646.576186662256	0.0929680951594324	102	1	
12875465	reason-risen	48.1529816374245	85.7965698874224	77.9436477093006	5.21548017171711	2.29567076645563	179.123224530789	14.1263705543584	2	0.18508662244413	199.554345039043	-0.0010353416568609	94	1	
12875465	toru-tooru	39.8017179722355	78.8499439904404	-6.84092111156063	1.00013472332362	4.99992392517089	128.296243271906	27.7566321777928	2	0.335863103345053	770.430629853284	0.0597624663788049	99	1	
12875541	indent-intent	0.928608112774654	99.9209648714139	-194.341694971665	3.05315111080569	3.08602046539141	82.3723049823781	9.98790326723988	2	0.976289021959078	99.7582116757411	-0.223757505042872	97	1	
12875541	kata-katta	40.4262102328944	74.815711342216	-134.665093627092	2.25158966800303	1.59769995483222	10.4410166222592	9.47475505108323	2	0.478142612048563	89.7709832780271	-0.00491839510634048	95	1	
12875541	reason-risen	1.56950827807645e-05	92.2961842867013	-12.2111923065838	1.00005982649213	4.99999730343369	69.9346818177773	32.0183234043761	2	0.483605719030779	1025.17303362722	-0.0355425139789387	98	1	
12875541	toru-tooru	5.55218742435973	91.7509384679639	-30.574250732655	4.09992637438897	3.59459658287416	94.0859742902714	22.7470095312525	2	0.824476002786822	517.426442614892	-0.0696461366701691	101	1	
12875549	indent-intent	3.25101413219832	96.3027072195061	-51.0553430347737	2.81827357450705	2.7949249549433	62.4919888188397	26.3826259437347	2	0.805545241606667	696.042951687023	0.156347322294772	99	1	
12875549	kata-katta	43.1199077664215	51.3184554441473	47.2479487655726	6.82960334346058	4.15133083310698	0.274902534428293	16.7421947705244	2	0.189744019367894	280.301085734173	-0.0915979626803702	103	1	
12875549	reason-risen	22.9497574975487	86.8918669826364	-32.0291220353247	2.17237376748805	2.4379407842819	5.87634821424859	29.2289318905052	2	0.636801170193817	854.330459459789	0.0625957707207166	105	1	
12875549	toru-tooru	2.72033146364918	96.0607745992849	-77.4458751344062	6.53507631480828	3.68234616343753	96.5719079320426	19.4920371887362	2	0.909802686581322	379.939513767076	0.0644331869201843	102	1	
12875552	indent-intent	17.8394216584325	80.7142780000387	-146.291443757699	3.6342004953282	2.98166431793864	82.7564644750716	14.872934552815	2	0.887478082312527	221.204182212319	-0.11568151071058	103	1	
12875552	kata-katta	40.202165791746	53.7381222193162	-9.80947103099366	5.89594826862312	4.49694707289814	84.7579414797377	13.1552385483133	2	0.413320060986489	173.060301263029	0.0281747369554981	104	1	
12875552	reason-risen	20.1816643208405	80.7986638583118	-20.0364241057657	6.83659308965366	3.27596191854092	75.3244571891372	15.1929899186863	2	0.822044571294747	230.826942669303	0.0598773044330687	102	1	
12875552	toru-tooru	20.0677813321304	66.0746428377621	-577.343365784693	4.51747569585569	3.53555798910871	78.8381130242841	21.6105737617585	2	0.723111291039384	467.016898312406	-0.0910877650397884	101	1	
12875565	indent-intent	1.15871983872307e-05	96.9578698297529	-117.244861022284	5.35921350582159	3.33486896440843	71.7458926669453	17.2068600514697	2	0.935487265127695	296.076032830863	-0.0349392206165639	92	1	
12875565	kata-katta	17.7254706417692	76.8118825280117	-26.6504376526241	3.04927783331112	3.26858827435	99.3604990198072	42.6034761456047	2	0.479220629135652	1815.05617968911	-0.0516597277983689	94	1	
12875565	reason-risen	11.6199821884674	91.3478557516687	-288.494762109169	1.36870411688208	4.79452971917882	85.9585780385972	31.2266433357241	2	0.765249612370036	975.103254016525	-0.0612492157595962	95	1	
12875565	toru-tooru	4.27528974033135	89.1918584384013	-359.665213761898	4.9988415445261	3.73397954136411	83.4786345662357	25.6380232782002	2	0.848676745891223	657.308237613533	-0.00103518505359028	101	1	
12875569	indent-intent	3.80298177610061	94.2452323087875	-43.1120902357461	4.52176550531153	3.23687661260363	78.7771257392432	9.66881183454815	2	0.96675382348831	93.4859222918984	0.235631026390484	92	1	
12875569	kata-katta	8.00679912429451	83.7355921242679	-9.90201887541886	3.42093302912451	2.95307844049979	100.174282287061	14.9267735105103	2	0.742483723632906	222.808567434072	0.0296706330354218	105	1	
12875569	reason-risen	0.000106539833477637	85.6387287292648	-28.9552229934453	3.92065350987221	3.36710750197592	55.5478824529678	17.9952255747877	2	0.861480442468699	323.828143487495	-0.0784173170473494	105	1	
12875569	toru-tooru	3.27846300440804e-06	93.8141282648738	-37.406486582974	4.36281299988307	3.48173886682453	89.807230623595	16.0792627184254	2	0.918988807206105	258.542689568146	-0.0336564606992042	103	1	
12875570	indent-intent	6.63045534854909	93.3137948097634	-80.0129716332217	4.1453830443444	2.91021808087582	76.3767956614366	12.2156566087532	2	0.948236385123573	149.222266382976	-0.212001842840181	98	1	
12875570	kata-katta	10.7230350960697	83.2161365720517	-7.20928398258028	1.02690172340693	4.9968725460678	111.729820916188	23.0397511988823	2	0.486312986879362	530.830135306401	-0.0724969330266515	102	1	
12875570	reason-risen	1.2873325535385	82.9729272670771	-21.5565749763813	4.38737114159599	3.77412222908461	82.1848911707077	17.5637536708622	2	0.85187786684368	308.485443010725	0.0363766976624135	93	1	
12875570	toru-tooru	16.6790954120205	75.7815009129291	-17.3950341151879	1.90475451123093	3.91505690515447	92.4577974062622	17.7314547582633	2	0.77363563862672	314.40448784434	-0.0567291708517819	98	1	
12875585	indent-intent	11.1790639458315	88.5822520322433	-49.8189023277985	4.47599193112064	3.14169878458436	74.2444949960467	13.9746276861276	2	0.919224466953166	195.290218965883	-0.0583039323829152	103	1	
12875585	kata-katta	6.00070279034197	81.0215151513773	-20.7340733467631	4.08191875583396	2.30486769794078	69.3642210606502	18.4930383149889	2	0.734221552558764	341.992466119646	0.0753029334871637	105	1	
12875585	reason-risen	8.76989615456579	91.7385156958079	-22.444969098191	3.66686526614037	3.96290311224389	76.8094539846495	14.5197378065268	2	0.89332072494414	210.822785970285	0.0457648332141013	101	1	
12875585	toru-tooru	6.01814463796678	78.013565075009	-13.5399670460666	1.56008775959133	3.14574797878575	108.714267507261	22.5407629692162	2	0.66349817426661	508.085995234391	0.0408714801553437	103	1	
12875592	indent-intent	18.2240318135617	86.5098032973237	-85.9993283010146	3.74533429616815	3.25397104015223	69.5228121050432	11.3184341589565	2	0.940067363690699	128.106951810632	-0.179937829510924	103	1	
12875592	kata-katta	2.65654135498451	75.8174632783327	-11.5491317912235	4.59941655195305	2.18588879234224	100.375578651948	18.6412156526978	2	0.662435517183356	347.494921010384	0.0992584293552197	105	1	
12875592	reason-risen	34.9191431738924	71.4103885503219	-67.8943100604513	1.00000209920471	4.99999999877604	88.0011100307011	11.03223729791	2	0.823212816010931	121.710259797395	-0.108955473178812	104	1	
12875592	toru-tooru	2.25792747481357e-05	99.6201846716874	-13.6053212164314	3.66632352414368	3.81297350218123	97.76200113096	17.4608156357291	2	0.803395335870506	304.880082664923	0.026828594267021	102	1	
12875599	indent-intent	1.97721323966003	97.5239896806043	-95.3995343949697	5.00246068530851	3.32366180725137	83.5244121329698	15.1032562539716	2	0.944635488213101	228.108349473132	-0.356477062262826	105	1	
12875599	kata-katta	50.3321621843987	53.7805882921377	-21.6376921079311	4.05768825486129	2.07728526995734	89.4787176550901	6.09902905942831	2	0.231724150732711	37.198155467751	-0.151136470500327	103	1	
12875599	reason-risen	42.6104850261728	67.4336279284141	-3.68761856197531	1.00064735991235	4.99993992636373	59.2563888597287	10.543550957221	2	0.381782428202328	111.166466787516	-0.0980925657945053	105	1	
12875599	toru-tooru	50.9552904259176	54.9351337750595	-21.8694850047098	1.71823630841642	4.0207751883578	136.635231636855	5.41825968159383	2	0.327793306273225	29.3575379771853	-0.278125202435559	103	1	
12875600	indent-intent	1.909341257285	88.1880277899846	-151.004727561727	3.66073777772999	3.05753782395984	80.8108249350056	25.0724007088613	2	0.84258024753618	628.625277305711	-0.148922146493967	104	1	
12875600	kata-katta	7.24036258136898	74.1049382518625	-24.0323073698671	1.63637175420813	3.20637847523913	103.599371310901	20.6229568390853	2	0.768968892258364	425.306348786773	0.136857462292747	104	1	
12875600	reason-risen	0.00039005057655811	99.9981134159369	-45.7730537197465	3.99652725069096	3.57579178408466	85.402730766263	17.1697005540452	2	0.925681338879559	294.798617115581	-0.0116432819376508	105	1	
12875600	toru-tooru	5.01899175016085e-05	93.2465278853121	-44.743625752393	4.34131925959134	3.42593076424335	91.2619111514116	16.0834941710428	2	0.923810124505988	258.678784749967	-0.191120128930637	105	1	
12875608	indent-intent	17.1832988287297	80.6318714029689	-26.3735544242138	3.91464841375492	2.66982374968798	85.9638621972801	14.8010559670311	2	0.843547112257799	219.071257739186	0.0114191866278502	95	1	
12875608	kata-katta	11.1545539992951	77.1729276727441	-4.13724397100396	1.00077060909153	4.99990671166249	112.280726331449	23.123901270808	2	0.315101610882792	534.714809982074	-0.063954862155189	102	1	
12875608	reason-risen	13.8183293967291	80.4703493293299	-18.841436178814	1.00066741293909	4.99999832739051	93.9175144464164	15.9426207570852	2	0.818743274535522	254.167156604243	0.0500960937395299	103	1	
12875608	toru-tooru	21.8931544435239	77.2507547440565	-19.6888625240406	2.40340318600537	4.44002461366786	103.751674283253	17.8045638073189	2	0.767786052185885	317.00249236889	-0.149542068349671	101	1	
12875613	indent-intent	9.46371101850409	91.680174864001	-104.047332929756	3.959389992733	3.1538039032093	77.090989938051	16.8953144084642	2	0.911037194107441	285.451648960857	0.0218620995480067	100	1	
12875613	kata-katta	8.90524120714467	89.9984923764509	-24.6894813988804	3.53036464771425	2.71867435508868	81.9487101131573	20.8848191716891	2	0.784711308085489	436.175671834154	-0.175880080127942	100	1	
12875613	reason-risen	12.3991455898145	95.0909472324455	-36.3958489315834	3.61268087081864	3.56693190481382	13.3723310239645	22.5708820905635	2	0.797712471555904	509.444718346121	0.121932117185149	100	1	
12875613	toru-tooru	8.77930498738711	88.6058400842994	-83.8682090352195	3.88249919071318	3.33240399802738	92.198038370709	15.9279445542161	2	0.917098849229595	253.699417722182	-0.0916850034755646	100	1	
12875617	indent-intent	13.1178086679021	88.7685110996686	-62.8851243680211	4.33963552770291	3.78342961044771	79.1292234748183	15.0829275401519	2	0.915049864643252	227.494703181472	0.0652626978807365	98	1	
12875617	kata-katta	12.907846039765	97.9959975271943	-20.5969848386104	2.2088823054711	3.35279894662771	94.819795536125	18.5258708782466	2	0.831467038643281	343.207891797467	-0.0747611734082405	99	1	
12875617	reason-risen	15.4755733259115	89.1995202990771	-793.062783046915	5.48102259429752	4.25883880833715	7.96121972342354	13.0103070122633	2	0.942009130486315	169.268088553348	0.0601515767819456	102	1	
12875617	toru-tooru	14.6842972382575	93.9511230158421	-50.3004985004018	3.93732409083456	3.88581185777773	103.480003020099	17.7650749366611	2	0.890615504004783	315.597887505183	0.0454002270896592	97	1	
12875627	indent-intent	3.5606454171183	99.8029553367952	-102.368278725538	2.51345763885732	3.69048967762373	81.7863615879978	14.5024121725463	2	0.951276386991481	210.319958822419	-0.0899551869539445	99	1	
12875627	kata-katta	0.000934923295280443	96.6997755822832	-44.9820190663785	2.01596550768229	4.83935685348492	111.809720004627	21.6602013154616	2	0.876524114148692	469.164321026324	-0.0738465984591945	103	1	
12875627	reason-risen	1.6283224093386	99.9402546150595	-37.8675579716096	3.56336439411842	3.71155285321031	56.4636525910927	26.4319102883427	2	0.814405475402129	698.645881490997	-0.0434371698281636	100	1	
12875627	toru-tooru	2.23400387409416	95.4144339103579	-123.729420022331	2.03259804693931	3.27426786659844	98.5124945878397	17.5562663092821	2	0.926216208056215	308.222486722434	0.20237165402803	103	1	
12875660	indent-intent	5.01830153014571	92.8412571557436	-230.530685036794	5.37195518314015	4.05912903183389	87.9438330893429	27.0464487054633	2	0.837599856176551	731.510387577258	-0.0900084198110726	99	1	
12875660	kata-katta	19.048752319873	70.7481980653591	-930.883725176465	6.98308016097014	1.00232185020024	117.447036998926	42.0201295616624	2	0.354973841112761	1765.6912883789	-0.0863106779884938	103	1	
12875660	reason-risen	4.82759398174777	99.5860897673051	-11.0696562854312	1.31873636707113	3.83298155907244	28.97696187695	42.1691444890413	2	0.310643512107614	1778.23674693764	0.0302477410864675	103	1	
12875660	toru-tooru	0.522361569176175	97.3950148838803	-75.0578309790366	3.45087220166172	2.9123162235311	77.6871825578101	21.2803677123795	2	0.885484883132514	452.854049974082	0.0570383782292193	100	1	
12875695	indent-intent	39.6183063630234	71.4106778961527	-588.401225377024	4.25418519008908	3.01833034223145	52.9398016152751	21.7015360338833	2	0.555954976516939	470.956666229935	-0.0915026483360795	97	1	
12875695	kata-katta	17.3836221922102	86.8155222341319	-4.24248800527038	2.37309127327557	4.99024148776354	97.3693726992531	20.4102400888395	2	0.366217269716827	416.577900484073	0.0161244518248488	99	1	
12875695	reason-risen	14.685886754404	98.371288561704	29.547465713556	3.8810348478932	1.86763273547372	167.996536014721	34.5543251185776	2	0.595037910189484	1194.00138440036	-0.024088867845431	103	1	
12875695	toru-tooru	16.067773693573	60.9830717682059	-12.3761763973779	1.00000944333101	4.99999989820139	97.8246797384503	17.9974736059323	2	0.644423257345937	323.90905619623	0.126559799954701	100	1	
12875707	indent-intent	0.0001129739348254	99.9017760719237	-89.2896667360729	2.00366663246552	2.90370089929286	72.7450468871948	18.4699639299705	2	0.921771246885874	341.139567574413	-0.264315404827993	95	1	
12875707	kata-katta	21.9905277993613	45.8083896728226	-537.997478474422	6.16202496404604	4.19177109538511	38.6206328107822	42.8197641149204	2	0.259006321233153	1833.53219885742	0.0290639246024321	101	1	
12875707	reason-risen	7.26129754660687e-05	98.9055755426252	-47.81594918828	3.90466172000929	3.39262980826568	84.1213890051119	26.1394053879433	2	0.845379477520983	683.26851403524	-0.309278447204002	91	1	
12875707	toru-tooru	5.87128027461219	94.3401819432389	-76.6861060062392	3.81133609238957	4.39504955718608	73.6480959074645	28.6018706858534	2	0.805632332929807	818.06700673028	-0.165935254082745	105	1	
12875710	indent-intent	2.53795667295653	98.090704210626	-141.296573620538	2.6130451846341	3.23300196623589	75.9359584053782	11.5618445588408	2	0.967301351437196	133.676249602797	-0.43239432490362	104	1	
12875710	kata-katta	2.42085460111507e-05	76.771881896064	-10.4242068870472	4.05881907416285	3.2515118327802	106.670189440551	29.8630654370906	2	0.504645266836479	891.802677299956	-0.206155368971519	105	1	
12875710	reason-risen	3.00466700409174e-08	98.3260251016481	-27.9706866652384	1.00000022481779	4.99999999920133	94.6371040409046	23.0276206681473	2	0.827080470144815	530.271313636086	0.060630286407431	102	1	
12875710	toru-tooru	4.49672838588215	98.6054788093731	-72.2555995218482	4.01068275158435	3.92281880749963	86.8791384035544	19.5076456958979	2	0.907639226313958	380.548240596685	0.136428286749803	103	1	
12875717	indent-intent	1.32279571294266	99.1938587178801	-153.760713674907	2.70875281023436	2.70999049126931	88.6965373139452	12.4599000208086	2	0.959450389651324	155.249108528547	-0.193622209534959	95	1	
12875717	kata-katta	19.0134257042596	65.1240524343078	-11.1702788375775	3.92762060076747	2.54464336247806	83.6081953116338	10.8897847318559	2	0.772631212985879	118.587411506163	-0.0990472338365021	99	1	
12875717	reason-risen	8.95015410324629	95.2143995003465	-64.5644583710987	2.67359132146591	3.60062220451676	69.7313627668446	18.4324057148482	2	0.90228737817172	339.753580436767	-0.118608084917971	101	1	
12875717	toru-tooru	2.67552523419973	92.6905829841702	-44.7865836700423	4.0494218255029	2.90653768052962	89.8465885439123	18.7011019365341	2	0.884515357255634	349.73121364064	0.0777795106551583	98	1	
12875724	indent-intent	12.4535814601373	81.8704208224284	-35.4607653693938	3.7206939096527	2.78553027225159	73.1412362424435	15.0750889476115	2	0.867952327821279	227.258306778399	0.0418816473715957	99	1	
12875724	kata-katta	24.6897797231686	39.810567732509	7.11366603332967	6.99920903122585	3.60438250306407	0.0100052873677612	7.18373985568433	2	0.147859105524226	51.6061183141475	-0.0184776087005323	103	1	
12875724	reason-risen	10.1947903461025	98.2423462764477	-13.6183545737334	3.21929184305074	4.59269217799669	79.4445529325873	14.679563282529	2	0.825705147156565	215.489578165772	0.0725883420650762	104	1	
12875724	toru-tooru	34.268252031831	67.0592916545832	-7.87454759505066	1.0000369838732	4.99999914450378	98.5856585224857	10.4752967410114	2	0.708026811549207	109.731841812243	-0.0501382439984101	105	1	
12875727	indent-intent	5.74624897268096	97.8109445512272	-363.871414100894	1.70917654517648	3.26623688961465	73.9447510075416	14.9199320579613	2	0.947246809478897	222.604372614182	-0.0590264848745111	101	1	
12875727	kata-katta	2.53068675108351	98.6674653519574	-42.2425283847028	1.14216118966752	3.94305264355219	92.94240487451	19.2157247711833	2	0.900129206182179	369.244078481866	-0.0722049045754089	101	1	
12875727	reason-risen	1.24959608400632	99.2215459603169	-63.0826896477959	3.58368573963406	4.7746282188137	95.4355003441688	13.4774963136036	2	0.953274378052735	181.642906883198	-0.150835213344667	103	1	
12875727	toru-tooru	4.65792441585595	93.4114523238444	-108.140792880072	5.96553238959845	2.69990359014166	106.982618974956	18.1376150357062	2	0.90217248124905	328.973079183477	0.132032813328029	103	1	
12875730	indent-intent	1.24557729693412	88.533585882893	-51.0553142815067	4.44947057811426	3.3911079406955	80.7693913348452	12.5184836963925	2	0.947866271890787	156.712434056844	-0.034785470414649	103	1	
12875730	kata-katta	75.7452252172089	86.1494850396106	76.5353854179253	1.42996037440402	3.81120632155137	25.8806183930335	12.2499381633933	2	0.257330583867548	150.06098500696	-0.025635050129074	105	1	
12875730	reason-risen	13.2095923295298	30.2735687299773	20.3977632051602	5.6521858522097	1.46712477098464	5.02107980214518	18.4461612296273	2	-0.139181189904178	340.260864109406	0.325867422303694	105	1	
12875730	toru-tooru	2.76698814358122	99.991847739275	-51.7112189149716	3.87307695952256	3.94134767124176	87.1218617007307	13.0692667919784	2	0.954855412638257	170.80573447991	-0.149565640611458	103	1	
12875737	indent-intent	8.77685886191765	98.0527936820746	-72.9150713493335	3.64459706724243	2.6049511739482	80.3808708703118	10.2992982265827	2	0.961209716416428	106.075543960089	-0.164781989367101	105	1	
12875737	kata-katta	26.5059152704845	99.99798369157	-15.0772635806075	4.37162406223014	4.1302716589888	12.9465532827855	23.9557516805637	2	0.595612668505215	573.878038580831	0.190668593348606	89	1	
12875737	reason-risen	4.7055043434458	99.9989768541842	-36.8672628725847	1.00808565866125	4.96727985993262	87.2177552048793	13.4362814758455	2	0.935520382627189	180.53365989815	-0.226659004182263	100	1	
12875737	toru-tooru	6.22590203851755	97.5947855671344	-22.0630320477858	5.72421689931367	4.41363393194681	87.6713659582376	18.3274226392059	2	0.853747979204563	335.894420596075	0.0749932579615551	103	1	
12875768	indent-intent	1.28069669532042	99.9965358163453	-56.668752838981	4.32779800139532	4.18477878864938	94.4959913437945	17.5109357823165	2	0.925381926891744	306.632871972413	0.30187705377688	105	1	
12875768	kata-katta	2.64604807542757e-06	85.8811299375537	-22.7706374235361	3.75127519793212	2.90212083781152	82.4706278976102	22.0892076908852	2	0.787582704504383	487.933096411062	-0.0627334326668567	105	1	
12875768	reason-risen	15.3154357392474	94.726026623117	-21.2645002617246	6.10741930921466	3.39649568153722	67.3165362975339	25.2365299540502	2	0.720717316614744	636.882444121673	0.00523484720961121	101	1	
12875768	toru-tooru	7.52860031524305e-05	92.0483548944326	-30.4892867333884	2.96052478483581	4.45941728094523	99.0235538902217	18.9031350699034	2	0.881538306854191	357.32851547101	-0.110151825658512	104	1	
12875787	indent-intent	0.00188750038818591	99.3746783867157	-78.8859856044977	4.0626126950928	4.07688374193147	88.2009306048736	15.8572146064043	2	0.942543382869345	251.451255073563	0.21485294382462	103	1	
12875787	kata-katta	12.7863820800945	80.0455456135284	-29.8208886865384	3.61444393559588	4.50171133049243	97.0780315375406	24.8131081392275	2	0.742441330289888	615.690335528997	-0.0170030748633536	105	1	
12875787	reason-risen	1.9947788208938	99.9822101490101	-48.1830369506597	5.43291693248802	4.80159297048236	85.2901925286812	17.9679279047189	2	0.911020439429009	322.846433189175	-0.209795044433954	105	1	
12875787	toru-tooru	8.88551560190287	95.5605328980831	-58.9342397274083	3.39652826313189	4.47034583924887	92.5692269561275	16.8230295461212	2	0.915504022994166	283.014323109669	0.144760081492921	104	1	
12875816	indent-intent	5.09081586609823	93.3192021428491	-584.82100452619	4.40662673066753	3.30767542603154	80.306230891233	7.8582106326665	2	0.983530704850789	61.7514743473528	-0.274849022770385	103	1	
12875816	kata-katta	49.6443386512738	62.9999039538995	146.897758874889	4.70717568602789	1.84396355950127	71.7244388205507	7.54033994974549	2	0.44703914931237	56.8567265577278	-0.0514319880243929	105	1	
12875816	reason-risen	22.1048300463013	76.2522545050298	-24.3756947588166	5.76843838025329	3.24067235982358	70.0935167571043	15.8997099268681	2	0.799676888578455	252.800775758549	0.018969865581624	105	1	
12875816	toru-tooru	9.01428547414977	82.054990406662	-13.5837213070451	4.62746555331368	3.01577782820212	100.351962568294	17.5680118123825	2	0.752377123661217	308.63503904001	-0.0793055904875885	104	1	
12875837	indent-intent	8.64823746827853	87.5203002247471	-47.0724145185877	4.28110384450611	3.15943396457836	79.6413473485859	17.4494931542942	2	0.8845132272868	304.484811341759	-0.277179628683912	100	1	
12875837	kata-katta	2.42172833564622	97.9982650703978	-17.9081672853142	1.00466326181997	4.99936789740661	110.577392681439	21.595482950879	2	0.777548776555485	466.364883881707	0.0204627470730077	102	1	
12875837	reason-risen	7.11730849787485	91.0108650812154	-54.6007568037012	4.9784334729064	3.89431286754254	20.5351871855097	19.0667006332198	2	0.874266591166723	363.539073036823	0.0437351805020518	101	1	
12875837	toru-tooru	15.5191109425235	94.0281128683296	-87.4495927148365	3.79571750738751	4.09165289056287	84.5914923705845	18.5432693333209	2	0.8911962434902	343.85283756808	-0.0847841726768148	105	1	
12875838	indent-intent	1.3404488265514	99.4907365156129	-299.917632337246	3.6534678152829	3.89021972167619	86.8254874601078	17.0733866602983	2	0.938618448510786	291.50053205205	-0.311287505183432	103	1	
12875838	kata-katta	11.6385752925036	68.009518117611	-237.679094890038	6.13802223998271	3.05910285006416	90.8328414404927	37.4202408380152	2	0.570439289114473	1400.27442437506	-0.132612423871631	99	1	
12875838	reason-risen	1.63172683984503	98.7985702405746	-62.3946126390838	1.99496831416803	4.54540598097057	82.3039105468067	22.5729828191055	2	0.878638991108436	509.539553351632	-0.0711464037510209	98	1	
12875838	toru-tooru	4.54052008420636e-05	94.6847933135202	-117.021548341498	3.95527528329569	3.4431279229984	97.4189653221423	22.0082079789653	2	0.8961321394285	484.361218445393	0.0182284161478996	105	1	
12875847	indent-intent	7.1554577554465	55.7494123919949	-14.2003543381952	5.4570933333945	1.88532946454499	74.4395945275492	20.926450740081	2	0.461668337253241	437.916340577037	-0.129228120260209	104	1	
12875847	kata-katta	7.57899936081729	51.6412732113721	-6.59795166290666	2.17462769069751	2.42782669452583	77.332601291449	18.377398507683	2	0.462698031285468	337.72877591019	-0.143956466912824	104	1	
12875847	reason-risen	36.059798424998	55.4704624189895	-259.656456373163	3.68131340729136	2.27337759147309	63.5645646511278	24.2022012609568	2	0.286390982576268	585.74654587586	-0.0266353265405527	102	1	
12875847	toru-tooru	15.7583559245675	79.728698830557	-67.8078360132613	3.55941332907245	4.43071782719817	104.137855452739	13.3239658504881	2	0.912456450161098	177.528065984974	-0.0418019261012596	101	1	
12875858	indent-intent	16.0992585324678	91.2736442884552	-146.171761613917	4.27668908355469	3.2850114876748	78.1305877297713	12.4695277831158	2	0.943578189665551	155.489123133896	-0.106880889684999	99	1	
12875858	kata-katta	40.1321660839241	47.1822089365965	4.30269676330345	4.47691303496762	1.39887554850587	179.899456245384	31.3639142722664	2	0.0655382411380496	983.695118478075	-0.0519787736911686	97	1	
12875858	reason-risen	13.910663349913	85.2557220519295	-64.5399523786052	5.28616158945812	3.93580606281487	79.9418850834089	13.6281862294427	2	0.92299623884677	185.727459904372	-0.0882856794363444	92	1	
12875858	toru-tooru	6.59396170117203	87.2131067959218	-12.569470967596	5.53283322166314	4.99931394310795	107.254879867089	29.7186019554906	2	0.559648529452452	883.195302188889	-0.142766510289129	102	1	
12875861	indent-intent	31.7200213319559	71.2181647047532	-9.03729666774261	4.59179514346259	3.56699427862961	74.8252476873647	8.36068194779573	2	0.833823768229204	69.9010026321974	-0.0529207407893398	103	1	
12875861	kata-katta	40.2169845318784	54.9159697758791	-4.5876757119195	4.6023462012543	3.20065052591601	71.3817748534024	4.3307196831728	2	0.763973944711104	18.7551329742203	0.0190067113504487	103	1	
12875861	reason-risen	13.9514357239644	74.8809636835575	-11.5801458756063	3.50827796976942	3.80041605168549	79.8245959437724	11.1822653028	2	0.85154611084076	125.043057302205	-0.140928941201366	98	1	
12875861	toru-tooru	36.0078931906719	66.6702628604217	-3.33583410140523	1.00051257872369	4.99995620100345	109.444061436031	4.36783336462386	2	0.800780821296469	19.0779683011214	-0.122361273571435	104	1	
12875873	indent-intent	9.88212630885279	74.3209420431396	-27.1607888886977	3.94368238068293	2.75676591190217	75.8226918946667	16.1643837923554	2	0.82019461248867	261.287303386562	-0.129543208640582	98	1	
12875873	kata-katta	32.7235306652884	75.4818288934059	-28.5223142073695	4.06473471117417	3.26452454889384	92.7692715578104	10.7217405312461	2	0.865189992657287	114.955720019365	-0.173804139360779	103	1	
12875873	reason-risen	10.0005476799656	87.0698726886291	-16.9680853841263	3.35439858574574	3.2979076376765	57.8305486149968	15.7372121605201	2	0.820076736542066	247.659846585221	-0.169078786760812	102	1	
12875873	toru-tooru	20.9512684344496	72.2143425885138	-674.172751615627	3.1010148120197	3.44540564093872	76.5369760553014	15.4689679859968	2	0.853590432698589	239.288970551794	-0.0587516473859361	103	1	
12875885	indent-intent	47.7837280254955	71.6410350205094	-448.150035950972	3.0440072822116	2.62950158233547	30.8312293344376	25.2073196948016	2	0.364288194707359	635.408966195932	-0.237352761568399	104	1	
12875885	kata-katta	33.4483217289643	45.6769886625197	-176.787006911497	3.29319655504306	3.12797655766831	38.8916795013481	26.977759918147	2	0.212366628527753	727.799530201181	-0.014474523945055	103	1	
12875885	reason-risen	54.5779067380509	89.0289386411609	-15.1415633972914	1.02203635978599	2.54857598507874	0.0100000000637408	28.5629419838817	2	0.358211070610341	815.841654774595	-0.00724377258001997	105	1	
12875885	toru-tooru	4.0838577739339	93.8794994047544	-39.8823560873525	5.6319785154013	4.03514632747294	103.612809098626	27.4749606224974	2	0.800196287294977	754.873461207781	0.046174002971027	104	1	
12875904	indent-intent	6.42172899837383	98.0896984124209	-47.6266913369282	4.08425618408421	2.81258283168649	87.4652767442209	20.3125818481489	2	0.868420160648409	412.600981337749	0.110285611469904	100	1	
12875904	kata-katta	49.7587628777447	49.9647140794022	-0.686001667835622	3.97119080406586	2.88357273733055	91.0548327514998	0.655922003329224	2	0.137847196714572	0.430233674451423	-0.0475961817629332	98	1	
12875904	reason-risen	0.405392750654362	92.8887794035358	-82.4899799174135	3.2364657269017	3.13292160817288	77.3670173004806	17.6041225315225	2	0.917536290946612	309.905130104859	0.0833622650536845	104	1	
12875904	toru-tooru	5.40207327982013	89.9728949583748	-41.8166656898663	3.96883845953053	4.24138554437206	97.2799274812681	21.9263233464805	2	0.851500774738421	480.763655494414	0.0402779374212762	102	1	
12875966	indent-intent	9.96143440243754	98.6237856247078	-343.739592276785	4.26289472996741	3.14284083652282	65.5849222921252	13.404335368744	2	0.952114490831793	179.676206677762	-0.100507997009979	105	1	
12875966	kata-katta	4.51193265766837	86.1531010452908	-36.5976569754115	3.10692284612625	4.21635638343952	86.4286839365307	25.1785546002676	2	0.798714113179214	633.959611758655	-0.281464577888939	104	1	
12875966	reason-risen	39.1933517645772	56.3637628422329	348.877579438083	6.75735133191525	4.32489107348481	11.5093317001324	20.5765047579376	2	0.363337727754292	423.392548053429	-0.100045017883117	101	1	
12875966	toru-tooru	10.1963010456191	93.7231704441256	-669.374231049738	1.68919925144902	4.84983897134531	106.180751830922	18.133611374942	2	0.914380005135684	328.827861497426	0.237300593324994	102	1	
12875991	indent-intent	22.4824834481033	66.3017896842518	-89.1105612590239	2.64327006126278	2.59945253475467	69.6958047846044	16.7001925853679	2	0.746724647097783	278.896432388379	-0.108566108118531	103	1	
12875991	kata-katta	21.4421641553476	59.684198159494	-15.9397702924908	4.46936099811123	4.8841170417634	103.927760788726	15.225542961133	2	0.707071378399551	231.817158461305	-0.229029518671885	103	1	
12875991	reason-risen	26.9892857507448	81.3967243034056	-31.8710950299049	6.02004613626969	4.50336396963233	7.3314069206219	13.7112151025031	2	0.84656729758235	187.99741958711	-0.124980429818785	101	1	
12875991	toru-tooru	18.7630110326008	79.1686426361835	-25.8257679132347	2.98717373889547	4.0609506778874	94.2348786838931	17.8913669052502	2	0.809901770647218	320.101009738283	0.0765699051893499	103	1	
12876015	indent-intent	2.333772247415	99.9799748073347	-96.7172762059046	5.94453458622655	3.16238507353996	78.2902020779745	13.06920827927	2	0.957287044464397	170.804205046938	-0.252393768209777	103	1	
12876015	kata-katta	1.29783387987124	85.4354091808563	-20.1311688031135	1.00000056682594	4.99999992001744	113.704920060106	34.590215412743	2	0.610887962618087	1196.48300229996	-0.134137908354439	104	1	
12876015	reason-risen	1.32908351824526	94.3243147443285	-45.132947471491	3.99819358790635	4.17302962733262	93.883740433269	23.1629724724218	2	0.860130821149426	536.52329375817	0.00117352095070296	104	1	
12876015	toru-tooru	10.4194925776526	92.2522334316933	-31.7114991956861	4.19229323417833	4.70568157755174	87.3976814172115	23.7073134916339	2	0.802043887401609	562.036712990607	0.216692615712649	98	1	
12876034	indent-intent	1.11421494558325	99.9984517875033	-61.8838878012546	3.82761837291441	3.07905665919818	77.5434746263113	17.1229531834617	2	0.924318860901053	293.195525723021	-0.10271498623426	103	1	
12876034	kata-katta	39.2934578623314	63.3576077940061	-187.465191991571	3.88652753716361	3.20262901332451	98.0596609186917	10.1337097575289	2	0.74919722665128	102.692073449836	0.0923771952614097	99	1	
12876034	reason-risen	13.5502495469501	90.7739497885696	-27.1597353875518	4.78731303957298	3.8713606177936	100.129064451876	12.6700964900868	2	0.920796569383026	160.531345068109	-0.0442702982781816	99	1	
12876034	toru-tooru	7.51745693329617	83.3335615543049	-21.5224534561515	4.45159689971446	3.75470054168931	90.7069007921392	13.0595462978661	2	0.900704952881736	170.551749506109	-0.0181656822887004	105	1	
12876045	indent-intent	3.50965942721475	94.3336566911078	-506.049237893731	3.52249086016727	3.00523551608712	67.8956730210731	19.2570617123138	2	0.912256326279297	370.834425791861	0.00271867688755864	102	1	
12876045	kata-katta	22.1859812196922	53.2948481839124	14.8611757531729	3.09416143526183	4.74091802450268	51.6315298861488	31.4638443392981	2	0.256513387824777	989.973500607583	-0.149408656014368	102	1	
12876045	reason-risen	7.72883631827044	70.9315149745134	-260.34165925076	3.30820338666972	2.40898117884062	103.978709841515	37.1854763635081	2	0.595523558686975	1382.75965238102	0.134289952747737	99	1	
12876045	toru-tooru	3.62796448056807	87.6437770635744	807.389680946939	4.64791642788212	3.5500505765903	79.5386630023311	21.7034371007778	2	0.885414384639937	471.039181987418	-0.16146084688544	101	1	
12876046	indent-intent	10.588235720299	80.8487729539855	-60.780724792602	4.71350440829427	3.61576802337973	77.3659431765795	12.077019449074	2	0.935678940278041	145.854398773312	-0.059409492624701	103	1	
12876046	kata-katta	48.2024219838475	67.9486229538725	-60.0918338110214	1.05173710104419	4.99997055476826	91.9262233124722	26.4963637438174	2	0.320244183610548	702.057291644682	-0.287297554940676	96	1	
12876046	reason-risen	1.00080650422394	98.9988915697005	-9.71108469807789	4.32572480191599	3.70887957853561	12.8850869849171	25.1837869948048	2	0.477657601176965	634.223127399701	-0.0123060527648315	98	1	
12876046	toru-tooru	12.3086598402016	77.2561055868665	-54.4910058068538	5.33761453260388	3.436396452729	101.001484704235	17.7243570134275	2	0.852124917976568	314.152831539437	-0.0871583429947377	104	1	
12876071	indent-intent	2.16825794583018	96.6538556443846	-122.868776909789	4.10911185603616	2.87594468269905	84.4053061771989	18.9047569585183	2	0.909093535591133	357.389835660646	-0.165934619462846	105	1	
12876071	kata-katta	56.6319832241221	71.609643703831	-254.428338232826	3.74434637785021	3.54408572719308	19.9000549273615	30.8635157662157	2	0.234993071198014	952.556605451445	0.11097719729224	105	1	
12876071	reason-risen	5.95452372565289	91.2544416852482	-60.0849066717797	2.20820545678055	3.77027595969623	97.6259493103395	22.604180072969	2	0.85920373778366	510.948956771207	0.0689680524748152	104	1	
12876071	toru-tooru	23.0227482638985	81.3660662230663	-20.8730957560412	1.7529717709556	4.09197321548906	123.821123452684	28.5818614538076	2	0.601274603991866	816.922804164653	-0.127832054615651	101	1	
12876085	indent-intent	11.2498428784595	87.6353578712871	-289.624511719147	3.92309664032741	3.53879894097222	77.9050881194939	11.539212396085	2	0.955298746472341	133.153422721962	-0.0934741978060397	105	1	
12876085	kata-katta	26.4248571729459	78.7322255420773	0.650254846477809	3.48996682246733	4.95732154933375	106.101801303294	19.242486533859	2	0.0664421661747439	370.273288005744	0.0250372829249635	102	1	
12876085	reason-risen	24.6842165798241	84.1163528273709	-24.543250872462	2.09345308999072	4.94183764168536	89.067539352793	18.1508188324024	2	0.780799895597648	329.452224286694	0.0569212903750495	105	1	
12876085	toru-tooru	23.6167447854343	88.365921493628	-20.8866017649376	4.50822206452396	3.40404911062889	93.781262900492	16.5895369733596	2	0.821828318356277	275.212736990466	-0.0289435715493784	102	1	
12876104	indent-intent	0.000652230312520152	99.999829797323	-158.927924585394	5.11588126768985	3.55117713130627	67.0006152082535	14.4842199386822	2	0.956502484034923	209.792627232119	-0.184968326301355	102	1	
12876104	kata-katta	0.0623560838225612	58.9260347375015	-893.829451010805	5.58298651141729	2.86155512027571	161.780797278829	47.2272514156474	2	0.316757103928019	2230.41327627677	-0.0104433083068903	103	1	
12876104	reason-risen	0.56569169881278	99.9993186276122	-55.3478866156776	1.96197962834065	4.62897729429101	96.0164561961399	25.546711898825	2	0.857907667905525	652.634488841566	-0.0475616574529587	103	1	
12876104	toru-tooru	7.01019696567995	87.5202647355667	-288.059419550616	2.55784184609843	3.12884948814117	92.279655758935	32.1235903251098	2	0.763339358696223	1031.92505537549	0.0134156548482165	99	1	
12876106	indent-intent	0.981897341228336	96.7628008754577	-790.404844891202	3.0112169390139	3.39375944059138	76.5358972178427	14.8053348377607	2	0.95199137765867	219.197939658211	-0.301718091307568	101	1	
12876106	kata-katta	26.4486927844785	51.0566277809033	-573.203340679932	1.48138937708807	4.51323610601528	67.0376495276917	17.8446619019708	2	0.533983413180369	318.431958395646	-0.0835260552970763	98	1	
12876106	reason-risen	4.91922308568093e-05	98.6621370926252	-33.990272211177	4.31433450797763	2.96830963603497	68.2032740941378	26.2960398344647	2	0.794770963474017	691.481710975752	-0.125154474132255	100	1	
12876106	toru-tooru	8.6876681718092	79.1209843056028	-12.2463128897343	2.98473352649339	2.75423773939812	91.0044305558794	17.0681356392106	2	0.724571893146032	291.321254198492	-0.0877963958884723	100	1	
12876108	indent-intent	0.762810134105385	98.7801251908236	-233.208194303309	4.11144565215725	2.71638939668092	82.9627451616979	9.03825353149394	2	0.97890082343468	81.6900268995626	-0.151117926093454	104	1	
12876108	kata-katta	36.9692268543531	74.7996045413955	-443.976158524015	2.59758496856683	3.01184701667849	108.025238433162	24.6394146824622	2	0.589790502348754	607.100755894336	0.0996639208970821	103	1	
12876108	reason-risen	16.9754811744436	99.8340677040115	-40.8282884512138	5.2881186753899	4.53772090907983	7.05655704668087	34.9363092097845	2	0.633172835982524	1220.54570120167	-0.0286471255242879	104	1	
12876108	toru-tooru	12.3558467188252	95.5042482829741	-29.1468985430566	3.06443969390627	4.33847123725683	98.0264692613434	29.6627283556324	2	0.734449625713478	879.877453500038	-0.16781502256593	104	1	
12876130	indent-intent	15.2704649650223	58.7555958458078	-10.1605625255039	3.52336205274715	3.20747237393763	79.8328810301043	16.9383136696005	2	0.628192606949421	286.906469969777	0.157659494994161	101	1	
12876130	kata-katta	7.0655273601178	99.9999725527153	-8.32544415252489	1.00004596182671	4.99999603319523	109.520237622154	11.9931807140013	2	0.782377162660359	143.836383638694	-0.0658137479345118	105	1	
12876130	reason-risen	6.13024288668695	83.7264727214202	-12.585242181381	4.61232199253213	4.48087637449178	70.5047678035196	19.109660521631	2	0.707660527146158	365.179125251982	0.177226931294235	105	1	
12876130	toru-tooru	17.3735986867698	89.6592092427433	-21.0720841456732	4.34801030656524	4.06551204601307	92.0159948352555	15.1308305507181	2	0.865883240386626	228.942033154545	0.0525305264622006	105	1	
12876131	indent-intent	7.1840164912538	95.0954299989232	-204.944284575943	2.44767797940268	3.35861534860925	77.912205208707	8.20265156972533	2	0.981257083423109	67.2834927743175	-0.203147372443115	104	1	
12876131	kata-katta	2.38194425712551	93.1283221631051	-12.7616295799331	2.28570458629667	2.12272318842315	107.79550945883	29.7084157910232	2	0.542062313250268	882.589968812316	-0.104235669073099	103	1	
12876131	reason-risen	12.948855258828	90.2476448534196	-21.8025172483307	2.57129599288021	4.31889688656968	81.9191403220555	20.241141014459	2	0.803811299047457	409.703789567213	-0.139722064740308	100	1	
12876131	toru-tooru	0.00013140708382553	96.9875833549359	-22.5108290257159	4.01681173896248	2.52848902284763	85.4328826764223	18.6106976963391	2	0.830209907998114	346.358068744521	0.125768375195817	103	1	
12876174	indent-intent	14.669341616897	97.6859588960186	-53.9797267573452	4.02424927952998	3.31532616690437	83.9487322379507	12.9374825710497	2	0.941170410999082	167.378455276214	0.156070713412253	99	1	
12876174	kata-katta	24.3625990600756	86.9995277748221	-7.29528206229724	5.49018209167486	4.45729119548746	76.2946864823186	17.743437775915	2	0.581979735888206	314.829584107767	-0.0367993185375903	104	1	
12876174	reason-risen	15.7411044277027	94.0897122281031	-39.5755879232869	5.33373443188299	3.98752126309823	103.41692056551	18.1869092701888	2	0.875208839795207	330.763668802079	0.00562533064652639	104	1	
12876174	toru-tooru	17.2862784452419	92.5243513804953	-25.4366580258988	3.94093793832153	4.28425742093058	89.8326053777145	17.7560314897007	2	0.85185152506088	315.276654263243	-0.113614706710168	103	1	
12876203	indent-intent	17.600972503432	90.5272130744191	-173.220250417758	6.36484104389458	3.46264185373365	75.8590989211846	10.0221336147149	2	0.960485032094859	100.443162191199	0.00317595944003576	105	1	
12876203	kata-katta	5.20750390269929	94.6391013511919	-19.9286411625106	3.52707856692707	4.68145249105095	95.2154568441534	14.0251450106498	2	0.895750758849633	196.704692569755	-0.103159238619056	103	1	
12876203	reason-risen	19.0827037534791	93.2159031618928	-50.336529233857	3.41505251742694	3.75417373681917	38.5929439537549	18.6022936404511	2	0.848433982921644	346.045328685566	0.0946454466958729	105	1	
12876203	toru-tooru	7.46681326287662	88.1516634302188	-43.0109687209518	4.23987484149176	3.92619657106526	84.8699700919409	12.1754213676606	2	0.943047703178347	148.240885480087	0.241901023445838	103	1	
12876234	indent-intent	0.658854469118356	91.7655395996149	-66.4148723106424	4.27559527100735	2.87442969859762	54.6507805159887	22.5507101860859	2	0.841541811878457	508.53452989684	-0.204255845651897	101	1	
12876234	kata-katta	24.4253160276328	66.03040659197	-14.5060451221703	4.65171329080371	4.45297767625522	96.1858058204024	28.0645540483204	2	0.492775239241413	787.619193931098	-0.19238906380811	103	1	
12876234	reason-risen	14.2367461144995	71.5145555312763	-42.3320437945744	6.54671929688721	4.69819807685816	0.0100000042993145	27.1152629938294	2	0.668195473803164	735.237487224534	-0.0894143108502123	102	1	
12876234	toru-tooru	0.124647019952045	97.4197791249223	-19.6043109257542	1.00016831659027	4.9999915771731	100.21658726262	21.2660160168963	2	0.802537228667298	452.243437230889	-0.0741770444190119	101	1	
12876235	indent-intent	6.21991688545426	88.5340782239939	-659.214685526963	1.66119433699466	2.26900861135064	64.2293417222852	26.990800926854	2	0.758010172795643	728.503334673065	-0.00517212632536808	105	1	
12876235	kata-katta	0.000206977028915256	80.7759578499311	-25.9112736989713	3.92958695524358	2.22006218033352	91.5155317435472	27.1645303762249	2	0.675473851556096	737.911710560843	0.218412355813367	104	1	
12876235	reason-risen	1.96661179968671	94.7431731498966	54.7367640441152	4.17030350475632	1.15975446404292	179.89999999984	27.0913441141	2	0.754202048105922	733.940925908581	0.0143178183715653	103	1	
12876235	toru-tooru	2.29281474760705	93.948626353622	-34.8911947433956	2.14570102109246	4.76300095263085	111.697684020963	18.3172393189458	2	0.888201425893246	335.521256267533	-0.0796595223131323	104	1	
12876260	indent-intent	2.92354968720345	93.785111942811	-45.4572488372839	2.93518236262556	3.24698666363771	76.2855383664866	14.9724963986899	2	0.928007632484082	224.175648408783	-0.07173075530383	102	1	
12876260	kata-katta	17.6512003755587	60.0203617610286	-15.9501258510828	6.61237944694796	3.52642246471205	128.700476783763	30.3808425671495	2	0.402133026634447	922.99559508992	-0.0901880370268135	104	1	
12876260	reason-risen	12.1058112256482	89.7159291538792	-35.252198142519	2.61457307848364	3.18737838770663	41.9425318962379	25.5764979641503	2	0.755171750269003	654.157248110183	0.0412194929788985	102	1	
12876260	toru-tooru	19.0453718911014	88.4146140959595	-39.4959943507274	6.86302824581263	2.66390746445369	87.2577228262916	21.5513509410021	2	0.778803602452175	464.460727382232	0.119533410925046	103	1	
12876401	indent-intent	7.9472682161244	92.2384807375224	-57.2751187246888	4.07804790404766	2.9212371624948	81.2504388517388	13.0759488643095	2	0.93592615027056	170.980438702038	-0.184878977398535	103	1	
12876401	kata-katta	47.9512324651298	62.938646682141	-541.362723086105	1.20367200308095	1.63980451631225	147.482587772861	22.5760560700555	2	0.310592412978292	509.678307678289	0.0733110244593129	89	1	
12876401	reason-risen	4.96697108197808	94.4731561302049	-16.3129767144504	3.58837823932738	4.50292618265348	74.8482929940526	18.1210639784387	2	0.803502920487028	328.37295971067	-0.174840069901105	99	1	
12876401	toru-tooru	29.0051098923289	68.118176529491	-123.235874246268	5.41635197479942	3.59791575073806	102.889682463359	21.9014941161809	2	0.648495241848063	479.675444521106	-0.166076267679466	98	1	
12876451	indent-intent	1.50141193542523	96.0608515186224	-43.6650885730815	5.12536862271316	1.32851816429649	79.8745873764078	22.5370569000594	2	0.579120132438742	507.918933716515	-0.264724568552106	98	1	
12876451	kata-katta	42.3744198754442	75.3447707200511	-416.190752170331	3.77586144721763	4.3252384848533	56.4723330740024	43.1209506903618	2	0.330346128854088	1859.41638844061	-0.13012125617913	99	1	
12876451	reason-risen	5.57284680009315	85.1725850309481	142.090068646176	3.26934223747007	2.41270671217414	170.545631880238	28.0709786553868	2	0.796278668935583	787.979842671181	-0.199093879971126	90	1	
12876451	toru-tooru	0.407132771039146	90.0254148894769	-252.864242409488	4.44667013061745	4.07053925841185	98.8568522211406	21.7282991289397	2	0.894540918142579	472.118983036682	-0.217650588047879	101	1	
12876509	indent-intent	2.4083010959576	93.1979679259486	-59.6822460489518	5.88802336853137	3.62114919229943	76.1478981408181	12.9926438152379	2	0.950668724148083	168.80879330964	0.0184693887061462	105	1	
12876509	kata-katta	10.7162802505514	74.1569396846763	-18.4251509133403	3.75745339739804	2.97277715724046	98.9223208555405	16.4541127045552	2	0.789282725205534	270.737824894204	-0.129947511479996	103	1	
12876509	reason-risen	4.11080099094344	97.2375611907339	-15.6053649432751	4.13870358256698	4.25117169308233	90.6036585498495	11.4920094189125	2	0.909818056922072	132.066280484374	0.0760031234160791	105	1	
12876509	toru-tooru	8.25547593953993	90.3255206127908	-119.902150638386	3.32888813235039	3.78965793287839	104.627503313036	17.2391314855434	2	0.913241691004653	297.187654375853	-0.0546055289955551	103	1	
12876660	indent-intent	5.73118737339091	87.227217468699	-37.2992761861243	3.08538564428127	3.28870755574363	84.4268881246131	12.136531261819	2	0.938182926948032	147.29539106911	-0.22483676333917	102	1	
12876660	kata-katta	27.2644381680102	83.6249238686816	-2.63630426081148	1.1583685861726	4.99484826743563	103.828473753274	18.0427461550825	2	0.271168295567514	325.540688816746	0.150661984584082	103	1	
12876660	reason-risen	1.13276379734696	87.592336224913	-24.1510151269215	2.65971432956451	2.85952944375534	83.8362685893251	19.5469529300772	2	0.822789918039935	382.083368850654	-0.0287358202227914	101	1	
12876660	toru-tooru	6.16345272648549	94.5538700390151	-18.0331165846017	2.5374913438046	4.86436472759551	106.300846301362	16.4374097980617	2	0.846081465448941	270.188440869416	-0.155271292209159	100	1	
12876690	indent-intent	23.2739062618655	68.5527688869152	-17.3790255354009	2.58759115554865	2.68519936967924	78.4700812794484	11.8375832177867	2	0.800636732609721	140.128376438025	-0.161739876449514	104	1	
12876690	kata-katta	33.4335353189047	54.3973472656553	-7.45938925946462	1.00000339501808	4.99999998349105	84.0250440166504	11.2544309804954	2	0.547281989569822	126.662216694735	0.0831822690446788	105	1	
12876690	reason-risen	27.1181047460405	83.4416538827756	-22.9568172733915	3.99157224764711	3.88988067147251	7.7391624288075	13.985746365713	2	0.802488601301934	195.601101406053	-0.114875852994928	104	1	
12876690	toru-tooru	17.6652709008987	65.6961351434424	-5.82600207350796	4.42331369557291	3.13396755007332	91.5555985578056	13.418423876165	2	0.598546987514137	180.054099320435	0.0225395549730224	105	1	
12876725	indent-intent	17.0818269817326	85.1005221592561	-63.0495208843208	4.53410858328553	2.87554847233746	71.7336307376405	15.6569168048346	2	0.878091974121688	245.139043833514	-0.25217214073013	104	1	
12876725	kata-katta	14.236811811255	60.3841497399827	-7.51357968601375	3.09476852608355	2.42490637398211	106.562232209672	23.1198371755682	2	0.427491005278326	534.526871024788	-0.00334039335595043	104	1	
12876725	reason-risen	10.2084873114538	81.1164426188863	-44.7815665134162	4.69841711458617	3.32390587442481	88.8713350535119	19.1722447717791	2	0.847873026102588	367.57496958901	-0.0168073896861764	103	1	
12876725	toru-tooru	41.3239468860314	76.149551762562	-268.934269583589	4.40269474938184	3.68894707732391	81.2899727418431	15.3949278115916	2	0.743795599457756	237.003802324118	-0.198596440351905	99	1	
12876777	indent-intent	12.1395103730112	85.9065685587754	-123.62976079407	6.62644141455857	2.92548217273262	74.0060379321244	7.53437227107543	2	0.975234107684999	56.7667655191503	-0.0579453896670123	96	1	
12876777	kata-katta	26.2935751528645	69.7030611443042	-6.30146762006155	1.0000018676588	4.99999961318958	117.366120116273	28.1714680570501	2	0.334539438546505	793.631612489391	-0.148113992258033	96	1	
12876777	reason-risen	7.91895663272819	96.0063273992106	-31.7461298688829	2.47562701078263	4.57331844389556	80.2298760284896	12.1524067470512	2	0.937885115568782	147.680989745776	0.312693525890227	102	1	
12876777	toru-tooru	9.24827786865732	84.9931345562954	-40.0218763036244	2.94336103585508	4.62653018255969	92.0074195916267	15.7337704207155	2	0.89710339021306	247.551531651781	-0.169549858785073	102	1	
12876808	indent-intent	1.00030731358464	78.4672545287444	-26.4600018338607	5.3851395576345	2.2180716061988	78.3741187138372	30.3678121516536	2	0.596515701604499	922.204014878118	-0.107189942186291	105	1	
12876808	kata-katta	31.9497287272479	83.775509589769	-71.5736449904505	4.6117397119528	4.35140457545272	81.1148543883234	35.0260364251499	2	0.571890281078829	1226.82322765593	-0.025220943583501	101	1	
12876808	reason-risen	6.10453727922325	88.1176652681435	-149.449406246595	1.00001152699752	2.0360059487147	0.0100000001096987	28.7830984957661	2	0.788374997879639	828.466759016971	-0.121800622284624	105	1	
12876808	toru-tooru	1.00002458842728	99.9999947208387	-35.6605419034873	3.47055976994734	2.5231439810927	90.8259855740177	20.470932280088	2	0.853647326343984	419.059068415948	-0.318900150841985	105	1	
12876840	indent-intent	8.99395944833778	96.4221083718143	-921.878406861165	5.92358096235737	3.02322269738537	68.4372827590238	17.6308442531824	2	0.917272340298056	310.846669079977	-0.256733672939736	103	1	
12876840	kata-katta	11.9225999323652	91.3731603712139	-37.8107969496658	5.26432492803289	3.98185976167909	93.6827681183169	24.2657686924937	2	0.807457553442506	588.827530237606	-0.0571037957367601	105	1	
12876840	reason-risen	14.7754010728273	83.8606151033397	37.7445313358751	2.88228636938078	3.52646265367327	175.580669784488	18.9807618047765	2	0.824657566962464	360.269318689664	-0.0262465634663341	100	1	
12876840	toru-tooru	16.3616659798019	90.1580035535564	-55.6151107164171	2.52486529315988	4.39421623519416	91.5678526975677	23.1868159603323	2	0.818984547856937	537.628434378322	0.163053687226019	104	1	
12876867	indent-intent	6.31426466785507	95.7725573314722	-106.235739743643	2.37761839756177	4.19940317795192	80.3041356556121	15.8275824103016	2	0.934732680739169	250.512364954888	-0.070773518740024	100	1	
12876867	kata-katta	28.4777898624995	40.8686624210576	76.7704639223354	6.05937713860307	4.98995348894716	5.05301031978954	42.959643212694	2	0.124305964496965	1845.53094496197	-0.0794356878533604	100	1	
12876867	reason-risen	12.640006723856	93.884845457053	-87.8740177434202	3.95670890445347	4.41980539046296	92.7187480068904	18.5383407430467	2	0.898449197427057	343.670077505305	0.156950169433119	101	1	
12876867	toru-tooru	5.34765874092929	92.9237374207536	-453.856305892042	3.21435010081822	3.49101246667319	100.489009348899	11.4008214894638	2	0.966035402373031	129.97873063462	-0.0452936237351338	102	1	
12876993	indent-intent	0.000142729978012124	85.9043427335921	-20.128079272692	3.94391291079016	2.8018457673172	81.5703563335824	24.0402025281658	2	0.738558075897671	577.931337595227	0.0604007165099439	103	1	
12876993	kata-katta	23.8147185199081	50.8788952511484	-455.286414447154	1.18964297004606	2.15684390355117	58.7650673492423	22.8654913669644	2	0.409321041402425	522.830695452726	-0.0545135881514816	101	1	
12876993	reason-risen	0.000147795791155925	85.2202722573266	-17.2866349704645	5.99165847085252	4.36694466875502	4.50543611379169	27.3525453582322	2	0.604267769620179	748.161737574147	-0.0364258434089249	103	1	
12876993	toru-tooru	7.46126624684984e-05	97.2630697469423	-12.7116065968227	3.17076146053141	4.04268601164989	110.569863954281	26.1357245340691	2	0.642222578869825	683.076096920743	0.0982027782306903	100	1	
12876994	indent-intent	6.99698334952894	98.3354696374016	-62.0660164882868	2.02656372350463	3.28088269239555	79.8173958314755	21.5762261081047	2	0.879004062266877	465.533533068058	-0.309925850418405	97	1	
12876994	kata-katta	0.00050854334126138	70.5988902745435	-6.40283856332573	1.00090204131386	4.99989765158518	111.791029145484	27.748671786097	2	0.376820740203008	769.988785892535	0.224853266933425	88	1	
12876994	reason-risen	43.4229369518894	69.1770336547546	-78.4533787833005	3.64707604520873	2.8153631173366	2.63351360445739	32.8180605793321	2	0.312671982929922	1077.02510018871	-0.175534413734555	94	1	
12876994	toru-tooru	14.767805722217	74.3939134448824	-21.2674910784666	2.15163020729926	3.22783206078559	101.375972431719	26.8865639435021	2	0.634705217365031	722.887320688025	-0.172950868601699	89	1	
12876998	indent-intent	30.6209564252644	62.2730946664789	-30.022283991773	4.10200808821039	2.86138477326205	73.14190842046	10.8770641228141	2	0.778290523662776	118.310523931809	0.00333440483317869	103	1	
12876998	kata-katta	36.4490529662635	55.3382090808657	-8.39678734033517	3.76110257892977	2.84279255672821	96.4031650505613	10.2966106911373	2	0.56979855462034	106.020191724844	-0.135847591476897	103	1	
12876998	reason-risen	31.1630034068784	68.0283953112344	-9.70520418758317	2.12264193491478	2.62804843533246	0.899369421317004	8.22488873190336	2	0.790677977911507	67.6487946521908	-0.202424989897973	103	1	
12876998	toru-tooru	25.1550820684311	72.5431524084036	-4.59033824946188	1.00071683013112	4.99997193216181	104.004687839547	10.31753930946	2	0.623143722538764	106.451617402253	-0.160990908987564	102	1	
12877091	indent-intent	4.87378845459566	94.5860568211684	-69.4810030394163	1.94239485441766	3.02838005913277	77.5954831579148	9.82402350118998	2	0.969644475746722	96.5114377519331	0.244958355145024	102	1	
12877091	kata-katta	10.749571062216	95.9979261370592	-20.2982319843404	1.32027977744743	4.9955203735878	99.2686168308433	13.9247891368556	2	0.890592780533589	193.899752505893	0.0983264583284793	105	1	
12877091	reason-risen	1.00005521303247	96.4429641351909	-25.8371527953774	5.10333352330725	3.53381443999112	93.5270474612086	15.2078833115172	2	0.90928623307657	231.279714816722	0.106651965672682	103	1	
12877091	toru-tooru	4.15336761491317	95.0177098582752	-44.7612378364291	2.95517427349089	4.5888748891176	105.084127766303	15.1030715144421	2	0.928685090770589	228.102769170352	-0.107056879772447	104	1	
12877107	indent-intent	4.70090432649045	90.2006394111572	-32.694153308837	5.72301360878469	2.54495833021873	62.5678766713751	18.249274015818	2	0.806847638381985	333.036002104411	0.0209818035641303	103	1	
12877107	kata-katta	2.01840459987354	78.5982447091171	-28.2718455253489	5.11069895300845	1.89963485060609	78.6433022150964	25.6131281592836	2	0.612184320879353	656.032334103886	-0.164917504062482	102	1	
12877107	reason-risen	6.63046190155185	96.9524720616774	-20.2344402543985	4.12439797220932	4.097678237236	17.8494024809667	24.390595653673	2	0.660578514363083	594.901156340971	0.0498262719579578	103	1	
12877107	toru-tooru	2.98213925755895	96.8515492681175	-20.0795649274761	5.34388984190748	3.05854073551112	97.5622202135307	25.1003633832312	2	0.742566323663573	630.028241970252	-0.134692843547718	101	1	
12877172	indent-intent	25.8917117154659	79.2469097598863	-22.1424503670905	4.66744986114636	4.0135531106046	97.0042115660942	15.4395256125384	2	0.813232775666501	238.378951140229	0.037134763923155	105	1	
12877172	kata-katta	5.21697486034004	75.3802991676653	-9.59058823915589	5.05206098719768	2.20797244138099	112.896274588833	15.6313955699284	2	0.669503412888293	244.340527463578	0.131249556668611	103	1	
12877172	reason-risen	8.76041363976127	77.7981587927021	-22.3610023974016	4.48476018071023	2.8693105663544	84.2965129353307	19.1227155756047	2	0.776476289672777	365.678250985473	-0.0411016355707129	102	1	
12877172	toru-tooru	19.5147178276114	60.6348048513787	-270.847893326517	4.00418293914307	3.19683837583994	81.7119600591536	18.8106158021064	2	0.725707094884222	353.839266854455	0.0145602151863601	103	1	
12877187	indent-intent	0.000200018013825409	98.6931232387328	-38.1354296954588	3.67659467742685	3.3106350853656	75.5558528755006	11.1493436688548	2	0.961160745267254	124.307864246233	0.0149560785520879	104	1	
12877187	kata-katta	0.000453740978182904	99.9990224507901	-8.58741067977969	3.99313397253881	4.63370831405092	88.9164484761571	19.6815854561949	2	0.636453216186803	387.364806069504	0.00486872343616406	99	1	
12877187	reason-risen	8.18458898846352	77.9428848952963	-25.708744863579	6.33249539500738	4.45082957179461	7.58973482718963	18.6314843761726	2	0.789356358776109	347.132210059562	0.140478332620725	103	1	
12877187	toru-tooru	2.51530498822365	93.4234745027992	-40.9708308678919	5.09694290015361	3.52102561095975	90.6609558575953	16.4474392808462	2	0.914473274512759	270.518258897123	0.0740120464938931	104	1	
12877189	indent-intent	24.1226562962425	88.3840881753883	-998.368496271526	4.99040441049504	2.83981637471649	59.4291999573441	34.3224072308882	2	0.626871324697657	1178.02763812293	-0.230663972285895	101	1	
12877189	kata-katta	1.00917274453716e-06	91.6998255029998	-55.3257496171267	3.78778163837584	3.05346841406937	93.1411742373541	29.0444715298351	2	0.803313065439878	843.581326447403	-0.126561226676166	103	1	
12877189	reason-risen	6.29372555684461	94.4062487719069	-210.480868484506	4.40808530547116	3.6931579945742	2.29348827087833	28.6114474981702	2	0.81353388702685	818.614927940548	-0.0551207709754608	95	1	
12877189	toru-tooru	3.23747312429773	99.9679835566874	-40.407239437882	2.89727458971523	3.65337855765722	90.3284340206638	29.3243510262187	2	0.802189443412506	859.917563108894	0.0568561321775617	101	1	
12877201	indent-intent	18.2246774105988	89.5012481501438	-372.019766662258	4.14698996803805	3.41533469703774	76.3535082567747	13.1990893004311	2	0.932810761176232	174.215958360755	-0.131699599380412	103	1	
12877201	kata-katta	11.0014948492697	78.8396399276911	-7.72287186620541	2.75356006667443	3.12083167297799	95.883344823318	16.5301058883497	2	0.636626098644993	273.244400680055	-0.00390214583848476	102	1	
12877201	reason-risen	3.01273883017747	81.5757607938966	-24.1884896383534	3.98942316181284	2.03689426391493	91.3918242765171	16.5879094353269	2	0.806931514938771	275.158739434609	-0.119536918578189	98	1	
12877201	toru-tooru	30.0956555981871	76.9999649561092	-4.23309279175339	1.00908866421494	4.99999656775288	88.9994232016234	11.7306841630623	2	0.546641117957133	137.608950933522	-0.0258677004527808	99	1	
12877464	indent-intent	28.6192555008974	82.7995915890185	-58.9254132137971	4.25072531744944	3.58572509011192	78.845025180478	10.2898643264775	2	0.924762309526657	105.881307857315	0.00041635540246023	102	1	
12877464	kata-katta	8.00069866010475	90.9189610118201	-3.72831431937791	1.00030908607417	4.99992244394032	119.321665978702	12.8054366461143	2	0.475711346607126	163.979207697648	-0.030378002639118	102	1	
12877464	reason-risen	17.1114256414429	80.6483423024418	-20.2091210638328	3.26128782098828	4.63592226805883	90.8214478107566	12.0297748658236	2	0.887477819769378	144.715483322401	-0.118106641482964	103	1	
12877464	toru-tooru	24.3883858784518	81.379175683571	-19.0592871556721	4.39062034517213	3.26951514384278	87.6010305019822	11.3532460887008	2	0.879075827445994	128.896196750601	-0.125344693871681	103	1	
12877470	indent-intent	0.651174183888989	99.8754929860603	-93.382596139412	1.98386378666781	3.20317079104548	78.492736011301	10.3339811085343	2	0.97397418514568	106.791165551544	-0.226716403115156	104	1	
12877470	kata-katta	2.46848316565185e-07	99.9999971554594	-22.9446625699698	1.00003222033075	4.9999999426753	86.4783099580178	26.0872936277689	2	0.764117618881317	680.546888821431	0.00804090630271644	104	1	
12877470	reason-risen	3.80898974472851	93.7474045540928	-87.3022317984253	3.76072118452411	4.71130737392359	102.646807426539	21.1981772408119	2	0.889076528342792	449.362718332877	-0.137209508722764	105	1	
12877470	toru-tooru	2.17071853636508e-06	99.9999954665273	-56.3565426327746	4.04150742261007	4.31837877589828	90.9824278781221	17.2686005687548	2	0.929958176908799	298.204565603199	-0.421489747065659	104	1	
12877474	indent-intent	3.8620477937465	92.3241943684748	-104.552195538488	3.95815655573794	2.87524831114036	69.9306557975006	29.3157807667813	2	0.790443767132155	859.415001965984	-0.0807148040804049	101	1	
12877474	kata-katta	4.90444716558304	96.2360611962428	-31.2822459565429	2.63298524338908	4.06274989334394	90.6019720239497	35.6161910779111	2	0.70045642849034	1268.51306689827	-0.176580287483404	102	1	
12877474	reason-risen	0.00066616457919344	86.8729312033077	-27.38086903978	3.98209919717856	3.78439552401001	7.82115712826294	38.4297122669489	2	0.578833340098411	1476.84278492048	-0.0530367503349462	99	1	
12877474	toru-tooru	13.4788918563515	98.7636629213401	-31.7577684858707	5.96774264042921	3.72952628709732	108.521729596792	32.5957710521105	2	0.701857762320897	1062.48429048161	-0.384694610783534	104	1	
12877480	indent-intent	54.7362473537017	65.6589824689054	-175.22637513544	2.66158785726088	4.24099341606253	35.9500497848463	14.6544070674912	2	0.252078787899109	214.751646499735	0.114075418162954	105	1	
12877480	kata-katta	4.12214116734281	50.4534108444433	-11.7752289263973	1.77114899254833	1.96977214377912	83.6805870903742	20.7149489284864	2	0.485018577777483	429.109109109798	0.108541710333938	105	1	
12877480	reason-risen	16.4773456852709	84.6252685919069	-0.533126626800076	5.76115798664673	1.05991590432361	78.5356287404277	22.6525011021367	2	0.0457325736570223	513.135806182307	-0.0542245380884276	99	1	
12877480	toru-tooru	1.00000995165204	71.0537084856533	-19.245673629518	4.1415444167871	2.40228973385788	88.188749205881	17.4998021371497	2	0.767091177671368	306.243074839389	-0.113009807153787	105	1	
