ID	pair	B1	B2	Slope	X1	X2	Theta	PointVar	exitflag	R	LS	AR	N	status	comment
12875031	indent-intent	20.4525717035751	90.6454668908466	1.64583504972247e-11	4.04656500620793	1.75957309873863	61.4407226032784	31.6400179256364	2	-0.834819754838576	1001.09073433459	0.846210694252286	102	1	
12875031	kata-katta	35.497061822159	47.0007319058532	8.29332762970479	1.89378510307557	1.86604558442422	179.899999998975	25.5155874774126	2	0.162150079150777	651.045204317496	-0.138526592819219	103	1	
12875031	reason-risen	16.1380806381419	74.52211286041	2.84842237348742e-12	4.73941006946743	1.47797803371819	33.8677861023801	28.5376223656071	2	-0.618922179789394	814.395890281999	0.706139254536808	103	1	
12875031	toru-tooru	22.1031741393612	82.7834239527705	5.48863415552486e-12	5.24916848323638	1.59087574582854	43.3878354643777	28.2485175497101	2	-0.555881151317592	797.978743756282	0.568697402973516	97	1	
12875096	indent-intent	32.2446784957122	99.8329911405411	9.11830420141173e-13	4.19150814400623	4.77651328753458	57.6593039417036	42.9790923047684	2	-0.794787119667081	1847.2023753418	0.88661827679476	103	1	
12875096	kata-katta	22.1683256930479	97.1520626872592	1.02199271438339e-11	3.8866039702317	1.89522039924448	24.6275167436084	45.409796085704	2	-0.284112440486496	2062.04958054522	0.532288537003578	103	1	
12875096	reason-risen	19.193356834629	94.3988747279496	1.97626386277326e-12	4.13067286367527	1.06757062933683	76.9184176584587	46.0159025325988	2	-0.817306030095827	2117.46328588963	0.700240140202636	103	1	
12875096	toru-tooru	17.2706214816733	99.4744768143678	4.14497563563343e-11	3.6616735788222	3.39953306375886	44.2863016002492	43.9087560093754	2	-0.650044633357375	1927.97885429086	0.768611402496629	102	1	
12875098	indent-intent	17.1299867543758	89.3406018537249	1.14015844547981e-12	4.29179711474699	1.17371947230248	62.556956934854	43.6517359155746	2	-0.841487242257514	1905.47404844307	0.887153933866224	102	1	
12875098	kata-katta	20.7553821808469	86.7446163391678	5.27603415797515e-12	3.76387395982233	4.94642124279274	46.1160011010908	31.4395849209284	2	-0.458381187914411	988.447500000268	0.312137231144504	100	1	
12875098	reason-risen	48.2326064020697	61.6509417274226	111.521644372178	3.53115524576762	2.62355122880981	179.836384434988	30.7046956972693	2	0.209322628029372	942.778337861906	0.215267283043048	100	1	
12875098	toru-tooru	21.3056356418716	86.9071296848544	2.30334972462986e-12	4.7034653903566	1.24874251174741	63.3452796026179	33.9074046030858	2	-0.697835882367986	1149.71208691737	0.518776808048718	94	1	
12875103	indent-intent	22.5813980199985	99.3977684537856	2.85039443503759e-12	2.62626998028139	4.4191103417476	35.2588866939378	37.618561130023	2	-0.626926035362901	1415.15614149328	0.720050941613305	96	1	
12875103	kata-katta	47.7181253235023	53.3997395916369	6.30082932799064	4.84443611304688	3.50447035222091	0.0100167138256211	31.4792818211647	2	0.0745354983838127	990.945183976313	0.139773650894147	99	1	
12875103	reason-risen	19.0666733347509	80.2078390979661	3.32565126435498e-11	4.98869973332524	1.97326801641451	64.4962497885323	40.2584272546465	2	-0.821346965501604	1620.74096501766	0.845473560646964	102	1	
12875103	toru-tooru	16.2544633278975	85.3818993912107	8.94729492527255e-12	4.08630642529305	1.55152698142555	57.6892279544789	44.8076390574993	2	-0.538546391597705	2007.72451790714	0.427163049221866	99	1	
12875114	indent-intent	31.0693582291017	99.9894638488392	3.37729622086113e-11	4.52034416534258	4.73782276431728	108.98909498594	42.9202876940085	2	-0.712338211217863	1842.15109573646	0.781156181559761	102	1	
12875114	kata-katta	16.9453933659354	72.9357884258332	7.85197903071026e-12	5.08492165158736	1.69699285841559	50.0888763435604	40.7889573928099	2	-0.695631713075711	1663.73904519246	0.643523733545005	101	1	
12875114	reason-risen	2.85276913203347e-10	99.2207239724209	51.029898713686	2.65907995159936	4.889968879978	179.899999999978	28.2942093492429	2	0.806992466425481	800.562282698783	-0.0411820791776235	99	1	
12875114	toru-tooru	16.8860584560197	87.5845303124426	1.2113126989168e-12	4.34032759740733	1.28901954673725	58.640367133553	44.7601837400503	2	-0.794474857875137	2003.47404844307	0.85029077279263	102	1	
12875138	indent-intent	16.8668923884694	90.8238123146187	6.8350991763029e-12	4.25167577773962	1.04554118009863	58.936680831453	42.6799018845015	2	-0.739459667912232	1821.57402487068	0.717616679541539	97	1	
12875138	kata-katta	10.5769763954869	74.6074888371136	4.24705069197459e-11	3.47363437580909	1.47152941125638	56.947985616645	43.8172366876349	2	-0.61134838670695	1919.95023094022	0.493667069980977	103	1	
12875138	reason-risen	19.0600837933638	99.3780109096826	1.23964658574852e-11	3.72768513558283	3.41040235031018	36.5561334777143	42.4791222562979	2	-0.637328838931126	1804.4758276655	0.769424197430296	105	1	
12875138	toru-tooru	15.7598158270986	77.6824916185709	2.17445858195168e-12	4.3417791672691	1.16667342167022	51.2297407610362	44.4685404637542	2	-0.603667143398928	1977.45109097654	0.475033019216509	104	1	
12875156	indent-intent	16.3414470318776	87.2427111115705	1.6614751418752e-12	4.16148793710577	1.4779971620041	52.3915032547587	36.5717298252315	2	-0.72439377807761	1337.49142240973	0.724090394751791	101	1	
12875156	kata-katta	20.5313194083775	82.4007265800979	1.7306951764662e-08	2.61510296274184	4.50267058893025	16.9753318001575	14.7014400872125	2	-0.233487246353183	216.132340637898	0.00422228308377666	103	1	
12875156	reason-risen	18.6134153985562	69.5434786171812	4.25229289485395e-11	4.72471216774413	1.91653821210343	55.2442668385429	36.6519630789901	2	-0.694630568789898	1343.36639754365	0.713447114784743	102	1	
12875156	toru-tooru	21.2685393077373	60.9814602709575	1.18800704785955e-10	2.09358074178398	1.29259261869269	60.8719869849832	21.2533651182432	2	-0.337468574490108	451.705528849356	0.191793072553248	104	1	
12875178	indent-intent	31.6444688062905	99.7228767619506	7.36534222129742e-14	3.96010417095803	3.06952352642718	24.8310480683462	47.0181460712246	2	-0.525042272159595	2210.70605997502	0.898196949171022	98	1	
12875178	kata-katta	11.1965208897933	72.5877962819646	5.07259649631995e-12	1.35210735173117	1.13954317513715	73.7093139780093	22.7345754057029	2	-0.513592552569429	516.860918877592	0.246303409065247	102	1	
12875178	reason-risen	22.2505455743759	77.3694530242965	1.43501306158471e-12	5.67293993956141	2.22250215615219	63.0778273152858	47.3435729534667	2	-0.844496094498963	2241.41390000022	0.812607172491894	100	1	
12875178	toru-tooru	19.0332564446326	74.5112985610094	2.0989775242909e-12	5.47418069108597	1.85457968154648	64.0362137692392	37.7033447023623	2	-0.728190320761707	1421.54220174515	0.586103959805619	101	1	
12875190	indent-intent	21.1247900148241	98.067516400917	1.9410536318088e-10	3.2674743449562	3.30794728026317	33.6205235873591	41.1504087351421	2	-0.618041575354439	1693.35613906926	0.822046157885043	104	1	
12875190	kata-katta	41.1338417686711	53.7614394906665	156.93589756281	4.85997406377814	4.17409696028576	67.8673787649975	22.290456802334	2	0.264251806935766	496.864464456718	-0.0690020845580762	93	1	
12875190	reason-risen	20.5628676247932	87.5514181059059	2.76792771944633e-12	4.08432860039051	1.0608255514023	49.6582987899968	30.3267377145707	2	-0.678415448818025	919.711020408366	0.562164449759428	105	1	
12875190	toru-tooru	19.0456305752933	74.4291193212207	1.55884699229859e-12	5.32099692498694	1.70301621063125	56.5346619746645	40.8405586331351	2	-0.694813342156405	1667.95122946654	0.620930699486075	99	1	
12875208	indent-intent	39.072128048246	98.384182538224	8.17880156442544e-13	4.66002202489118	3.99227816938985	64.6770093998776	45.8111772885014	2	-0.784484827460688	2098.66396455851	0.977141705362422	103	1	
12875208	kata-katta	11.1843370164698	78.8925857508823	3.11058220150137e-11	3.27297726060273	1.43393662712453	32.2519248540895	44.3489057789229	2	-0.182595810634062	1966.82544378778	-0.132761092133209	104	1	
12875208	reason-risen	18.7728023996676	93.3810432372057	2.38173409397232e-12	4.07458392397023	1.70144737527767	69.197606199436	46.7186119038776	2	-0.649388102854471	2182.62869822513	0.480535470416704	104	1	
12875208	toru-tooru	19.40588004468	98.5941191184827	1.92031725827363e-11	4.0004955310632	2.54766691170939	38.5422125943138	47.0899303297706	2	-0.37029995933161	2217.46153846265	0.622684054033638	104	1	
12875212	indent-intent	20.4137184681278	92.4815193376935	4.88794773156023e-13	4.03606539841196	2.10623732929429	65.1152401146544	35.9088743381895	2	-0.852386882249907	1289.44725623588	0.882077884212639	105	1	
12875212	kata-katta	19.4905268749281	83.4609288870036	2.39742358367073e-12	4.04608631212773	1.74736555750933	52.2279906104336	28.9052166018532	2	-0.645855385524005	835.511546800048	0.543567218613721	103	1	
12875212	reason-risen	18.6690640247666	94.0037878537678	31.785131448728	3.67639591505285	4.91894340371276	179.89999999956	17.2191207151286	2	0.831762817590383	296.498118202171	0.0921320885608479	96	1	
12875212	toru-tooru	19.2310080174192	86.2037735705035	3.45722880176137e-12	4.00320327721342	3.48603977542465	49.5831899845685	32.2194668697189	2	-0.728912279582492	1038.09404536892	0.583406083173038	92	1	
12875231	indent-intent	17.0957642385637	96.4395886599032	1.25469865152331e-11	4.07314453102597	3.0513697657129	31.0640534308872	34.6549596441364	2	-0.575998475602269	1200.96622793673	0.882095683477014	99	1	
12875231	kata-katta	17.9105019019152	61.1333486403759	15.5884146140703	1.002419691077	2.59257063064088	0.0100000000063574	27.4837997399122	2	0.396519720112616	755.359248143596	0.296501150392848	99	1	
12875231	reason-risen	30.2914939010819	95.1315823401343	1.59376225383576e-12	3.05149876284114	4.26943475519909	14.0108087822971	29.8572478885671	2	-0.398511837946018	891.455251479345	0.470435743394467	104	1	
12875231	toru-tooru	25.6330629807681	87.6246682154078	1.12258753595729e-14	4.19796702100112	1.34315204262642	60.8834678547023	33.5375830380423	2	-0.601802284173001	1124.76947603359	0.884381891279337	97	1	
12875238	indent-intent	30.716385804165	89.0143755310591	4.04335093446978e-12	3.17134325688719	3.88029319686858	24.1844603569593	28.6732445952933	2	-0.563746421168646	822.154955621518	0.944816112199907	104	1	
12875238	kata-katta	24.6078140078972	79.2368458415245	1.50644932003755e-11	3.98682146566034	2.36178351946514	46.4384182663287	22.5598187868975	2	-0.667029329217072	508.945423697654	0.664720981856349	103	1	
12875238	reason-risen	22.2227943004955	72.7387436055894	5.0221119869984e-12	5.18954235585784	1.58687737283093	46.4991416263146	24.3788136145871	2	-0.792771288031623	594.326553254778	0.848457001210903	104	1	
12875238	toru-tooru	26.9920050004968	71.1425941423181	1.76167333024325e-11	4.81291782585234	1.98795425540859	66.2860586426072	27.9292596858425	2	-0.806228358756448	780.043546599228	0.755876569925304	104	1	
12875341	indent-intent	45.3279646385213	58.6391653264207	26.3556030044814	6.4105253029906	4.11104738595872	0.0100000014701607	24.6923507409145	2	0.204508229431474	609.712185112338	-0.00589253383419561	105	1	
12875341	kata-katta	14.5852538148023	78.0814137353454	1.0065040935434e-11	4.50821194517742	1.18067427169129	46.4915312087524	35.3261448213261	2	-0.643960962187399	1247.93650793731	0.649580474628941	105	1	
12875341	reason-risen	2.0428828083428	98.5561124992316	46.004439956641	3.23161074238919	2.13947379506115	179.899999999998	23.0014369204249	2	0.847388865878415	529.066100404287	0.195024195639278	105	1	
12875341	toru-tooru	18.5348833996657	99.3689697161533	1.37292555425624e-12	3.67325851101047	4.60050055934923	55.2284335908678	43.9331616049841	2	-0.746109301881847	1930.12268860965	0.808698825607996	104	1	
12875348	indent-intent	18.3302647707427	92.2274290564849	1.03338481989203e-12	4.17661025423265	1.42754148601223	72.3058574131524	43.5634940523991	2	-0.908365444781888	1897.77801405342	0.896307914218037	104	1	
12875348	kata-katta	19.3289695402599	91.8633376479405	6.94820565949264e-11	3.25938812194632	4.65514066091225	49.8811786669119	25.3834134331616	2	-0.638098786722691	644.317677518809	0.445662930835338	104	1	
12875348	reason-risen	16.9375586713763	83.4545975837823	3.24184782927846e-12	4.4245056542358	1.87855064670352	63.916315441637	35.076398191831	2	-0.884026639115937	1230.35371011188	0.818320061552517	102	1	
12875348	toru-tooru	34.6105534400257	96.5674255680537	0.0181161660650213	4.45241350284464	1.94163519791504	1.40969707068874	34.8305585440576	2	0.0207249021797683	1213.16780849102	0.820413206219955	105	1	
12875356	indent-intent	18.8147404687455	94.6709732334586	2.41080084081775e-13	4.20567691631666	1.014456215621	77.7668119026839	48.3187883345856	2	-0.867556010809409	2334.70530612249	0.960168771140842	105	1	
12875356	kata-katta	38.0959442200599	57.4213326842575	584.639530999943	3.1384269361489	3.6345220642392	0.0605397500394815	36.1726322244492	2	0.208942108968871	1308.45932204526	0.231745564259733	105	1	
12875356	reason-risen	9.35603511269668	71.1582494168587	4.62651115664978e-13	4.68564354911351	1.47350474474066	40.676152078565	46.1436738833811	2	-0.679712517173042	2129.23863945583	0.795311810841914	105	1	
12875356	toru-tooru	62.4166853706843	73.2379774147916	72.2585196024088	5.54526617032251	3.50429309176982	0.016638646465708	43.573498691541	2	0.0988529432503493	1898.64978822173	0.614041122168084	105	1	
12875363	indent-intent	17.5323500842015	98.8559984535156	7.12247452664806e-12	4.08060239797023	1.89150554308256	44.3292549303103	44.1900261673301	2	-0.766952512892763	1952.75841266932	0.873588168536859	103	1	
12875363	kata-katta	53.8243207011903	68.3948547181512	1.55820284155523	1.63123154881703	2.44978003014516	0.0100246185309913	15.4721129358176	2	0.137084244321212	239.386278698695	0.0137447729217324	91	1	
12875363	reason-risen	8.28877448428578	73.7304566794008	3.81242832047303e-12	3.9510251732843	1.46870541208327	50.90769298407	36.5861720390071	2	-0.752940330781557	1338.54798446783	0.793202597546587	104	1	
12875363	toru-tooru	20.0419619205642	85.9933512441613	0.946818968424584	1.11797703436385	1.64566037749741	179.899980768129	17.8293803608284	2	0.0752640073592507	317.886804051093	-0.113931140248845	97	1	
12875386	indent-intent	19.9072057805376	92.2274093577219	1.43007304882579e-12	4.14071313253752	1.28356492266933	78.9422208586047	43.2768956886235	2	-0.870077542402811	1872.889700444	0.880928018218157	104	1	
12875386	kata-katta	16.9913399834781	96.8961733299497	20.3069566160836	4.47166599136657	1.96317816300694	105.604991566342	28.4628569781059	2	0.608744622305325	810.134227356114	-0.0804093117881588	102	1	
12875386	reason-risen	18.4990423688305	91.8887119901537	4.58116992789755e-12	4.16476986430398	1.83612246692116	127.061096412277	41.4644323027516	2	-0.568110410064207	1719.29914618947	0.601188659990348	98	1	
12875386	toru-tooru	2.39915874956044	72.2931470453073	3.89274072241235e-11	5.52188309058177	1.12803971650703	23.672018946421	35.7084264001999	2	-0.5126450571115	1275.09171597849	0.828616040095577	104	1	
12875420	indent-intent	57.504767394945	99.0519325709061	3.21390759426046e-10	1.22208633341057	4.8897219137924	0.933825370149862	39.5275559026071	2	-0.113229797431964	1562.42767563373	0.71873196216823	97	1	
12875420	kata-katta	69.6518439131886	99.9999999954078	11.3591971767293	4.47995447396299	2.03895463952279	179.899999999948	37.8079572167239	2	0.202021488978466	1429.44162890162	-0.101156116627366	102	1	
12875420	reason-risen	2.6285718136659	99.9999999999946	67.019472300776	3.70565783743755	1.09164532226194	179.899999999999	26.0810996051335	2	0.831852801038981	680.223756612893	0.104548183231296	98	1	
12875420	toru-tooru	5.51522242164842	76.0647767440427	2.18182284936019e-12	2.92102294073192	1.25539857791434	52.2633051833988	45.6263728560595	2	-0.445802065002592	2081.76590000016	0.189979531286338	100	1	
12875426	indent-intent	19.3945827018555	95.150871156312	1.96937068169141e-12	3.26304373878734	3.84197843031653	37.5412133734684	36.154499610105	2	-0.62110545913258	1307.14784205708	0.739043862703013	99	1	
12875426	kata-katta	16.5078377786421	66.9713283930611	3.37500743371272e-12	3.87331283173423	1.42488117532983	67.0404695922691	20.0760246685738	2	-0.495799368025427	403.046766493184	0.236630674957645	96	1	
12875426	reason-risen	15.876026170251	81.1536765946958	4.4750017458373e-13	4.86638502641423	1.45893091706562	41.2334423707815	33.715940308978	2	-0.625877262567741	1136.76463091857	0.494286550728661	101	1	
12875426	toru-tooru	17.8670984360629	77.8318218418313	1.42985747840695e-11	5.80082207364381	1.4411534368272	38.4284116026125	32.8476267899718	2	-0.516980793059372	1078.96658573327	0.598670963734024	93	1	
12875440	indent-intent	38.6943201072098	99.922701114052	1.71186674685389e-12	4.38692601986914	3.34420684177835	107.997257727824	42.4371942932629	2	-0.771572240181895	1800.91545948415	0.907772451192584	94	1	
12875440	kata-katta	21.1126379404185	96.0754835601987	5.40999562761527e-08	3.46107043888653	1.89543030802284	1.52829975727815	41.6539678109568	2	-0.060754205900786	1735.05303439623	0.488606727188252	101	1	
12875440	reason-risen	18.9267667629577	94.8447041924299	2.62865091654174e-11	4.17022428384859	1.06106772943932	73.8333139013692	45.6663498673648	2	-0.858277752756178	2085.41551020857	0.848739163128784	105	1	
12875440	toru-tooru	21.6001442091038	93.8093780703641	4.18007506787823e-13	3.88987625671803	3.74880656356866	68.195654847082	44.679583876974	2	-0.763728947057684	1996.26521541956	0.766420664491175	105	1	
12875448	indent-intent	24.3625312278997	99.6759290864933	1.47907436753619e-12	3.68815776949261	4.79072485916879	45.2565677088797	39.9049304764652	2	-0.789516761906163	1592.40347633152	0.904681358457812	104	1	
12875448	kata-katta	17.4454778934846	78.8263665645458	7.32657522284724e-11	6.82050510802466	1.16199393840123	47.1915406018092	29.6160047730381	2	-0.54761707810316	877.107738716617	0.443435858004118	103	1	
12875448	reason-risen	12.3446175220219	74.4200881408096	8.87294893440561e-11	4.70937761601878	1.3326210756306	8.09611614854202	32.4384920582924	2	-0.390415549359874	1052.2557670159	0.688022178799525	102	1	
12875448	toru-tooru	18.981994613991	93.2872353577299	2.35014945373092e-12	3.97497793461562	3.15188870429511	42.2654863702277	29.7709388796408	2	-0.676555710560588	886.308801775308	0.737275011158394	104	1	
12875456	indent-intent	20.0761786623845	99.2699759205054	8.12496131252443e-12	3.83039624184908	4.64129418611046	43.4786682490781	40.8927871926028	2	-0.712916871554305	1672.2200443795	0.825193636723584	104	1	
12875456	kata-katta	18.2285104070692	86.6945716293328	1.02280225479532e-10	2.24479457494608	4.87406027741078	43.7807015289866	31.0235404036162	2	-0.292298869491897	962.46005917481	0.0872237711907457	104	1	
12875456	reason-risen	21.1813082746895	75.7794736820889	2.12923392507093e-12	5.94952533678317	2.00257911208287	61.5451081846555	41.447517107256	2	-0.781135636125963	1717.89667435628	0.741827438268375	102	1	
12875456	toru-tooru	18.419240229791	86.279795180632	1.1315866877313e-11	4.36085697796311	1.70104036212459	58.8295159721145	43.7822743620007	2	-0.789563578800754	1916.8875483095	0.728290532963222	103	1	
12875458	indent-intent	35.1578519743627	99.191661399794	2.53668456733312e-11	2.34330850795092	3.56338034229326	11.6916441844091	37.0791405479829	2	-0.37931448819017	1374.86266377707	0.869576096185648	103	1	
12875458	kata-katta	19.0169759550876	83.6043828606041	5.18058277496847e-12	4.11050712225483	3.67741586495124	45.9216456613838	25.8978685355389	2	-0.637629803015628	670.699594684055	0.679895899795564	103	1	
12875458	reason-risen	18.7836575066604	78.8437921585153	1.24375185395361e-12	5.37651253290819	1.84753050876177	60.3778990675255	39.5352239055016	2	-0.881764923186015	1563.03392925814	0.858315208627503	102	1	
12875458	toru-tooru	18.1341472759777	97.6735442479927	4.66460180220221e-12	3.98024785326189	3.62635350422746	34.0407844896184	37.7472666434744	2	-0.528569968905514	1424.85613905355	0.775856038363934	104	1	
12875465	indent-intent	31.521618519183	88.0199516444614	0.0193217350514644	6.59318226544909	4.05218220624742	162.242581198329	25.7236961128641	2	0.0923504740021578	661.708541706981	0.324234816007602	104	1	
12875465	kata-katta	26.3890950408161	62.1795320548589	1.05849581736668e-11	1.91548219022558	1.07673770207577	61.616676446838	26.3134862354382	2	-0.223485757953142	692.399557862595	0.148955719001825	102	1	
12875465	reason-risen	48.0846522414026	58.5267017505233	10.5732892984664	4.94540146386302	1.7846790167281	176.334688115067	14.1286026167965	2	0.184264479055007	199.617411903348	-0.00139867369475441	94	1	
12875465	toru-tooru	29.9460920832352	84.942792725692	1.88163688112975e-10	4.06457639995293	4.4553665744631	55.6105506087536	29.4684293393059	2	-0.202272672072576	868.388327725665	0.161891677575603	99	1	
12875541	indent-intent	29.6022829154789	99.4492598871925	2.66423705473186e-11	2.58710316567373	2.9954193700635	29.3111474716319	46.1396563971346	2	-0.586219857992112	2128.86789244565	0.95356475917795	97	1	
12875541	kata-katta	66.4922918956321	80.7919213215146	3.75559613417077e-08	3.72000022984582	3.64387344253284	13.1642382446441	10.7878253010505	2	-0.178735798367948	116.377174725986	0.0940361259823194	95	1	
12875541	reason-risen	22.0218520942535	38.6932427251247	24.4841034119214	3.91500434096559	4.92371112222951	179.899999999995	35.9556691466765	2	0.183050892747893	1292.81014378526	0.193612783840046	98	1	
12875541	toru-tooru	18.7273671722755	90.698357814687	2.71449126085337e-11	4.15451358471798	1.65829600180046	64.7603934558764	40.1963834228135	2	-0.760446093082517	1615.74924027384	0.629870875227322	101	1	
12875549	indent-intent	33.5306517649263	99.6814656370896	7.63448044288039e-12	3.68628648327648	4.63395925445677	111.716460385167	44.5250623288847	2	-0.613909572688517	1982.48117539107	0.672380790252524	99	1	
12875549	kata-katta	43.1202843128542	51.2988077442592	50.6261180350367	4.58713648126346	2.99993159197665	0.0185169849021634	16.742190234171	2	0.18974480388455	280.300933837172	-0.091663445943849	103	1	
12875549	reason-risen	24.1438534462658	88.1164409626682	30.0452953519475	2.60968560447513	2.83512864303442	179.899999999876	29.4002881991357	2	0.63128828668143	864.37694619224	0.0743119416106231	105	1	
12875549	toru-tooru	18.4809213367311	91.3622141320597	2.36837271101931e-12	4.41695301430605	1.20151755518495	65.4835455719708	46.9602849046304	2	-0.785923976070549	2205.26835832406	0.837871477315898	102	1	
12875552	indent-intent	28.0653135351847	88.2647840408044	1.73987211932321e-11	3.97695248831446	2.70696745792197	16.0490468635968	32.2728347960774	2	-0.337667498400649	1041.5358657749	0.747447733905394	103	1	
12875552	kata-katta	23.2589113175264	68.2026275711208	9.12140351443876e-10	3.76637218258951	3.68587009909058	21.8178351179536	14.4470057914694	2	-0.185835094600917	208.715976338751	0.195004072263991	104	1	
12875552	reason-risen	25.3810744826346	88.873827360161	2.45775046879361e-11	4.01388463784241	3.73293290605341	48.4374641277773	26.6813702975535	2	-0.731530173442429	711.895520955169	0.687287477556266	102	1	
12875552	toru-tooru	13.4005952009856	76.7578192156139	1.15009358540079e-11	4.3578321777964	1.42134956094486	58.4289354457544	31.2865020616655	2	-0.597861028624981	978.8452112546	0.48881493653348	101	1	
12875565	indent-intent	17.8474361681695	93.8047367198205	2.44540435543493e-13	4.10989952002103	1.06635368861019	81.5230543099422	48.678985890185	2	-0.837396803937068	2369.64366729683	0.859818449187715	92	1	
12875565	kata-katta	18.4004299165796	92.0463780971854	5.71505081824894e-11	3.97135921186877	4.60568606883861	55.0815726091834	48.5402123831601	2	-0.387149391487497	2356.15221820229	0.150367072396806	94	1	
12875565	reason-risen	14.6755467633991	71.4928733244842	1.60651976840614e-12	5.4823244535039	1.67970203916386	34.8912492310308	48.5086347512431	2	-0.577293047517834	2353.08764542951	0.557287253256249	95	1	
12875565	toru-tooru	15.6279245804096	85.8176201209031	1.2950279282166e-12	4.58918034805072	1.18270548692807	54.6210176308612	48.4731463499854	2	-0.668187016322296	2349.64591706711	0.689444991871442	101	1	
12875569	indent-intent	21.0595143494754	97.2883079498757	7.16194415852341e-11	3.83853820009824	2.25929986155142	19.372285468031	37.8117789031691	2	-0.46546703552796	1429.73062382214	0.948805332925054	92	1	
12875569	kata-katta	24.2657220395044	83.391420042201	3.26894422171381e-12	3.84675896325701	1.47643118190744	58.0162152410082	22.2815136456281	2	-0.647519919936765	496.465850340311	0.558811170994895	105	1	
12875569	reason-risen	13.7819924198578	83.1703878317838	2.86141219776482e-14	4.39743641927504	1.05203986165896	133.964152997885	35.4376972373704	2	-0.455456524439767	1255.83038548753	0.731462312011684	105	1	
12875569	toru-tooru	17.646897934425	89.362810280794	8.96685870208878e-13	4.19066479213425	1.42889492184553	60.1434398047622	40.7716524847611	2	-0.817777452228131	1662.32764633813	0.833842561516054	103	1	
12875570	indent-intent	32.4986014840075	99.6442542105753	8.13394780408768e-12	4.24010072886798	4.3881301906368	50.6065503447824	38.4665903275737	2	-0.756261591862284	1479.67857142938	0.870493126194486	98	1	
12875570	kata-katta	38.374619894156	47.7740046993274	148.866410778026	3.28198021988566	3.32610891529887	0.0701917850001337	25.9653263739026	2	0.174037806556729	674.198173703285	0.142062835163569	102	1	
12875570	reason-risen	12.5495150419019	73.5580114137099	1.38445251788653e-14	4.2528768236831	1.64358461955745	60.4851823915554	33.5352055714325	2	-0.73649423969386	1124.61001271823	0.732998676969332	93	1	
12875570	toru-tooru	14.8352915502764	79.2871566272794	2.32326383803622e-11	5.7035807130292	1.28939455695692	25.9424269751386	27.9838934456765	2	-0.410117882053753	783.098292378976	0.566370608620095	98	1	
12875585	indent-intent	23.2941742256024	96.0067964031645	2.04401651520751e-11	3.72486527540489	2.99301083317724	12.3277940181644	35.4925696416187	2	-0.381847869409989	1259.72249976515	0.831160780433283	103	1	
12875585	kata-katta	40.111588304702	86.6693632322662	4.64879614674796e-11	4.64683166732621	3.23814564676106	7.81614803452186	27.2335560653511	2	-0.250133895821625	741.666575964623	0.574125334300572	105	1	
12875585	reason-risen	17.2689651223246	79.6023227325502	2.08960947757738e-12	4.80405500351921	1.44049573103936	43.5294768751812	32.3077453980437	2	-0.763316311986565	1043.79041270482	0.794694428225278	101	1	
12875585	toru-tooru	35.7490051333202	52.2429024160395	170.64944730606	2.78622180955492	3.75249113970836	0.0106471011575024	29.4128517706914	2	0.216520579961551	865.115849284667	0.426665154910319	103	1	
12875592	indent-intent	22.4407043175773	95.9670622595816	1.17241189132259e-11	3.4051273767978	3.85497764555262	31.7848767186528	33.1929806661257	2	-0.645540778705185	1101.77396550179	0.833014737907147	103	1	
12875592	kata-katta	18.2906793164746	87.5569450793795	1.68633600639583e-11	1.61384948768395	4.8666223023595	50.4757083707335	24.8839957127306	2	-0.533724025485021	619.213242631193	0.456301397166024	105	1	
12875592	reason-risen	18.2409871537457	76.5665504267912	1.26104824464666e-10	5.96143920649466	1.2274727498339	24.7812620774919	19.4320904449984	2	-0.446432064815804	377.606139062599	0.628787035550625	104	1	
12875592	toru-tooru	17.4475339672272	89.4152100685386	6.31130091263174e-11	3.98490459115826	2.30033851628492	46.9437120149189	29.3152271896191	2	-0.626687949589022	859.382545178983	0.655543394717191	102	1	
12875599	indent-intent	18.1275461817906	98.843872634819	1.61643183892726e-12	4.07450671583833	1.93780221011178	54.4382538737777	46.0294138434952	2	-0.782161871346444	2118.70693877575	0.872084469874827	105	1	
12875599	kata-katta	42.7302655021029	63.0312981753992	0.0235652967965809	4.01267541785738	2.63959800557706	179.801562415537	6.26958887012775	2	0.0054040584975034	39.3077446004298	-0.108425584109907	103	1	
12875599	reason-risen	20.1147281305825	76.9519329934641	2.06343758120296e-11	4.72604027950605	1.9118544202524	19.2323234536279	11.4076554635394	2	-0.300248461107015	130.134603174821	0.0672593443746715	105	1	
12875599	toru-tooru	51.4917767789909	53.2947075045934	3.6854630148835	1.58071886768986	3.13528108577833	0.0139508104999493	5.69747469965898	2	0.114488686862379	32.4612179532542	-0.170316917415595	103	1	
12875600	indent-intent	16.8509860005177	97.3605551531872	5.51961853678558e-12	3.99529706131432	4.48735155449231	47.9014066941047	46.5535089707078	2	-0.621188162665477	2167.22919748577	0.652003904571242	104	1	
12875600	kata-katta	17.0546659377773	79.7722568474457	7.16232249443175e-14	3.96246362494722	1.65650662840628	69.9494976853731	32.2593488467724	2	-0.683818399003903	1040.66558801776	0.633418951713084	104	1	
12875600	reason-risen	18.1469129016468	91.6435624201419	2.39111047523842e-12	4.20008203253702	1.47868917522609	70.0612636317903	45.3143357552958	2	-0.871121570208502	2053.38902494368	0.852577800745418	105	1	
12875600	toru-tooru	18.1052701996851	90.0090146934465	6.15901934161993e-12	4.32520387684468	1.43489715923883	63.4528546331113	41.9847656206212	2	-0.826558257172514	1762.7205442185	0.807113743260125	105	1	
12875608	indent-intent	22.7694713861575	96.8094757771823	4.02158348471293e-12	3.31785898191219	3.85052668682691	41.0217259187127	27.5596557677889	2	-0.634192321983273	759.534626039021	0.709754563283451	95	1	
12875608	kata-katta	15.1255066928141	69.4627273894223	4.21004547862396e-12	1.59317773606691	1.06896643063227	57.4208698969148	24.3651101546658	2	-0.238606542433461	593.658592848996	0.0442950869918752	102	1	
12875608	reason-risen	5.85286737346336	72.0888797930132	4.73018508849777e-11	2.2131562936073	1.02910153269785	54.5085429000499	27.7668714778409	2	-0.672817679722962	770.999151666933	0.67468464283072	103	1	
12875608	toru-tooru	40.1836096360524	99.9999999883001	6.95016541467009	6.94972306566582	2.89246581317941	0.0100000000081195	27.4175930428831	2	0.162940825848848	751.724408265152	0.494194748940401	101	1	
12875613	indent-intent	22.4204813728066	99.6995168586053	9.14962266876831e-13	3.60893002163265	4.54272601813805	42.9590020092633	40.9758026156913	2	-0.727308140204388	1679.0164000001	0.823722724666581	100	1	
12875613	kata-katta	29.13400372342	98.8259954369939	7.56075724131004e-11	2.47584740929269	3.38985968511477	27.3805188067723	33.6927232500432	2	-0.507559393250488	1135.199600004	0.540130987389589	100	1	
12875613	reason-risen	15.437380091479	97.4029044159997	33.9547765848849	3.58080626385696	4.98968194931951	179.899999999997	24.3317081344832	2	0.759863300300712	592.032020741677	0.236180795814294	100	1	
12875613	toru-tooru	18.760770679267	93.2792281431513	1.61413144377977e-12	4.00973895044651	1.94741480844349	68.158435214995	39.9537182249688	2	-0.81057330830714	1596.2996000002	0.806999122719478	100	1	
12875617	indent-intent	15.8565400056155	85.3067249768966	2.60594876741185e-13	4.38392254648895	1.36307666937724	58.5515893129086	37.3950022496702	2	-0.808600031579208	1398.38619325284	0.837942079270849	98	1	
12875617	kata-katta	24.0299289211616	99.6872422105628	1.97127472408985e-12	2.4985106376782	3.84119967396929	39.6322332210106	33.3454554022004	2	-0.606151747200665	1111.91939598014	0.649931483335861	99	1	
12875617	reason-risen	15.8511822948015	91.1535962496674	70.441725033225	3.26832926008647	4.42611223332365	179.899999999972	19.8491120311189	2	0.85899316276309	393.987248423907	0.43459238959263	102	1	
12875617	toru-tooru	21.6253855441868	91.9210058402902	1.36475541632079e-12	4.20185714805609	1.3628170009874	68.6208495201256	39.0649749933343	2	-0.78659791644324	1526.07227122983	0.777772234848358	97	1	
12875627	indent-intent	16.9056298657525	91.0539651058156	1.75756449655176e-12	4.24947950255797	1.21753373221186	69.0446060302113	47.0314701858049	2	-0.870460119275131	2211.95918783825	0.872075118960194	99	1	
12875627	kata-katta	15.3631541765905	73.9378162676679	3.16027998966626e-12	4.51021983832582	1.69492806820211	57.5440051857847	44.9974559664659	2	-0.698053112385868	2024.77104345404	0.726531721437948	103	1	
12875627	reason-risen	14.5523462059181	79.1676524356894	4.64137577423211e-11	4.68273572583558	1.37588588040819	132.245235130087	45.5460250735809	2	-0.445502522876784	2074.44040000326	0.642257902558562	100	1	
12875627	toru-tooru	20.6190810266719	96.6236411468844	1.0306744021149e-12	4.26404660231784	1.54040967054819	73.507052224199	46.5647302890346	2	-0.844585345058079	2168.27410689054	0.880714619346071	103	1	
12875660	indent-intent	17.3595052490714	75.7112039271739	1.48672423241124e-12	5.47518000229378	1.60315785892948	56.5834669518331	49.5097813275056	2	-0.688340532124431	2451.21844709742	0.67371962844715	99	1	
12875660	kata-katta	60.4705614967793	75.5937761010294	388.141240594225	1.78384343737446	2.19723559849845	11.1901362633122	44.4042907287768	2	0.154965971976595	1971.74103512573	-0.0083930884691512	103	1	
12875660	reason-risen	27.7070100207545	60.0001999916364	249.734016185404	4.53793186744566	1.05356699102224	179.861418726752	42.4132440746244	2	0.293261169785256	1798.88327293366	0.0160747902504402	103	1	
12875660	toru-tooru	30.5789970176824	99.961002036039	2.42852045694047e-13	3.81770869205073	4.35304837824349	49.4567508680123	45.7969114679148	2	-0.708621471890479	2097.35710000003	0.790845218112002	100	1	
12875695	indent-intent	52.8567670916053	64.3156859423158	137.943960725043	1.62312322335499	2.38452843492264	179.885217923091	25.6782214505011	2	0.180758852657689	659.371056860974	0.214112864081552	97	1	
12875695	kata-katta	25.975242947804	73.0264202035397	0.366428596999871	3.35563615476012	2.47313329196617	0.0100625489758102	21.9277656821769	2	0.0238294919046097	480.826907812456	0.129004541063138	99	1	
12875695	reason-risen	14.6762530209636	98.4032853498829	29.5419399207569	3.8998583264235	2.52728066946056	167.999569989479	34.5543242011165	2	0.595037932495305	1194.00132099586	-0.0240679354824801	103	1	
12875695	toru-tooru	30.1565395378468	39.0274947620863	19.9537775814834	1.06852428879962	1.949580130437	0.0100000000626324	23.1816263461192	2	0.172947390438987	537.387800051087	0.456807922179094	100	1	
12875707	indent-intent	27.2168065109093	99.9410876854727	1.89974269868335e-12	3.81650312902428	4.65283186705205	46.4238267024784	47.6095034624898	2	-0.740499497598657	2266.66481994483	0.807899194607979	95	1	
12875707	kata-katta	29.8799446560355	45.3894648291636	742.945293034244	4.69946329242132	4.39114705721949	170.442482115433	43.9334639137997	2	0.133882860733635	1930.14925146514	0.0637145157635692	101	1	
12875707	reason-risen	18.5857823211836	94.8427713855722	1.16854766979039e-11	4.15469047552702	1.07184656426988	75.9071260388021	48.9337488237129	2	-0.801953241586716	2394.51177394223	0.635941484329384	91	1	
12875707	toru-tooru	10.2475543233563	68.9524450045984	6.95543407720059e-12	4.72252942451315	1.94028907545024	32.5862295662188	48.2800560223825	2	-0.544125511366914	2330.9638095244	0.568297973580129	105	1	
12875710	indent-intent	21.3117108626448	99.6113665313898	1.16036597183609e-13	1.57336492517696	2.97854276882692	40.5145548500213	45.5854909181478	2	-0.725257301641047	2078.03698224853	0.917295220168312	104	1	
12875710	kata-katta	42.7489520825747	53.8671618140919	40.2897252235676	1.01365938191536	1.23791053328366	0.0100010629589065	34.3012435089399	2	0.128449050696699	1176.57530625959	0.0727550095941812	105	1	
12875710	reason-risen	1.01621511040532	73.0818235291117	2.44996011848907e-11	5.61528372521607	1.05117869694989	34.1874774208327	40.958701690099	2	-0.509512135352612	1677.61524413852	0.685053848656908	102	1	
12875710	toru-tooru	16.750896683007	87.1325981454807	6.1528467019837e-12	4.22384376626441	1.26085720550275	57.60124798686	46.4743013323003	2	-0.77959162114944	2159.86068432545	0.849887569263294	103	1	
12875717	indent-intent	43.2670292308765	97.911917501382	2.50301935522791e-11	6.11900822904147	1.9059698021496	11.7738765549856	44.2032374944071	2	-0.249928791878635	1953.92620498696	0.879128916192594	95	1	
12875717	kata-katta	33.556182045295	68.6660397648135	9.10553712088889e-11	3.644882024178	1.39707812540524	63.2045864534476	17.1522527831552	2	-0.711664005553187	294.199775537255	0.538373554935933	99	1	
12875717	reason-risen	19.2910228708662	87.9763037880566	3.49806209291256e-12	4.42544791740247	1.4387347041396	57.3874814366467	42.7531998159319	2	-0.826850507950623	1827.836094501	0.778058046914622	101	1	
12875717	toru-tooru	24.2905627015621	99.3012744882837	9.00389160380461e-12	3.31545679104278	4.62864604408048	42.0262940376226	40.0871395693342	2	-0.64390892562236	1606.97875885128	0.77049914365477	98	1	
12875724	indent-intent	22.1351574108467	97.4810114505338	5.13801639115655e-11	3.59368995793919	4.17750817348128	35.1847411347976	30.3536983811014	2	-0.631695611305507	921.347005410875	0.760603116258577	99	1	
12875724	kata-katta	24.68918399243	38.84179224787	6.65054797805583	6.98432956076857	3.6180096957588	0.0101333321751724	7.18370348323516	2	0.14789208108018	51.6055957350449	-0.0184779508844984	103	1	
12875724	reason-risen	14.3352770331516	76.7416453153963	3.62408108269161e-12	4.54788497799101	1.45524536529956	42.3950286762356	26.0228904697882	2	-0.720615498930569	677.190828402595	0.703567081067679	104	1	
12875724	toru-tooru	29.7831260675187	65.0930638764983	9.91346944767359e-12	3.07185901089237	1.07436816087927	62.1378119978507	14.8336321914518	2	-0.623877211272988	220.036643991276	0.439411241189125	105	1	
12875727	indent-intent	25.3803298612527	97.6493680430483	4.62941256236883e-10	3.45304141570064	1.96442328807204	9.946253834705	46.5512841571776	2	-0.341338854764698	2167.02205668229	0.874029075806475	101	1	
12875727	kata-katta	15.5576849947878	87.5512252060557	7.05865601599125e-12	4.38144005087921	1.29019248056436	53.6428170754091	44.110903267566	2	-0.75788725329064	1945.77178708057	0.78454342381843	101	1	
12875727	reason-risen	11.784394811614	71.885507235496	1.08836709899983e-12	4.7719823533298	1.56106751654584	51.5396416579491	44.6118311373223	2	-0.74628268642783	1990.21547742496	0.875124444625277	103	1	
12875727	toru-tooru	61.2686149343493	68.8633781225984	17.3050421852569	5.74978384447928	4.47342221121592	0.0100000005618881	41.8950529581632	2	0.0846600719466847	1755.1954623673	0.833895332942819	103	1	
12875730	indent-intent	16.3437027551294	85.9475587708837	1.68220714626178e-12	4.37535259448422	1.36923248502621	56.6449791141284	39.2837345640786	2	-0.826466572976111	1543.21180130098	0.898759811241982	103	1	
12875730	kata-katta	75.8331490197657	86.0968940559437	178.585624676657	1.29930414134025	3.79926266715037	26.5377385468408	12.2489245321351	2	0.257590118716984	150.036152193942	-0.0265608188225771	105	1	
12875730	reason-risen	13.211448809513	49.2639636314129	27.830759192923	5.83190905589841	1.21069066084658	0.558020581111975	18.4461615593802	2	-0.015970285703976	340.260876274757	0.325868437580185	105	1	
12875730	toru-tooru	17.8571832825205	85.4049517398927	8.5706836251182e-12	4.43812367422874	1.38407841346526	58.6287447805412	43.9929363905016	2	-0.847815241511833	1935.37845225872	0.888819441272086	103	1	
12875737	indent-intent	45.02121968306	99.4740151508971	1.4950587206004e-11	6.26138735833901	2.57853272103491	30.6044585583428	37.3408447254255	2	-0.60846040743594	1394.33868480834	0.926755765593938	105	1	
12875737	kata-katta	31.9387049284695	87.1959477058337	17.3680868040768	3.641614302305	4.1426582507556	179.89999999991	24.4444371797321	2	0.572734911860984	597.53050903387	0.222633889992182	89	1	
12875737	reason-risen	4.72906559888574	71.4109373003133	3.81704571631594e-11	4.85295411783154	1.32714916188107	35.3073421727927	38.0292663616198	2	-0.6484247342205	1446.22510000303	0.838232453494486	100	1	
12875737	toru-tooru	16.9324514699878	76.6597799703171	8.52000861575958e-12	5.93378774800926	1.28260619283444	25.671870467703	35.1985655111843	2	-0.484343979119459	1238.93901404513	0.735818411312845	103	1	
12875768	indent-intent	20.0709816926879	78.6909224601446	1.16682728425309e-12	5.29715277220067	1.7586895858132	59.8554711939578	46.1984087444763	2	-0.809791938046346	2134.29297052171	0.888127447492762	105	1	
12875768	kata-katta	17.7477731592083	93.2617497495962	5.3414873377611e-12	3.88864765921253	4.06707456830201	40.7864704876618	35.8242067162481	2	-0.624932507437055	1283.37378684848	0.583162319692769	105	1	
12875768	reason-risen	25.8733689503172	98.9781153966942	1.07106763583299e-11	3.88548821110088	4.22973109690634	8.60448296412756	36.4043155244726	2	-0.308390145865764	1325.27418880536	0.511252271141473	101	1	
12875768	toru-tooru	11.2755860309117	72.3205671959401	1.5220858414426e-12	4.56918002137042	1.77324530693257	51.4012862447055	39.9899938945551	2	-0.730716052981256	1599.19961168655	0.728396097449252	104	1	
12875787	indent-intent	15.0506299378058	80.8716993632802	1.36516345243157e-11	5.36597232457765	1.52521661188813	49.6381983034144	47.4646362646108	2	-0.766147425581844	2252.89169573181	0.89913031274864	103	1	
12875787	kata-katta	11.6069297960211	75.0597277706306	3.66288588592722e-11	4.37308567637338	1.47527003716694	60.3032627824958	37.0394041572055	2	-0.655462450852478	1371.91746032081	0.51986487748502	105	1	
12875787	reason-risen	5.2105841639376	70.9989402920948	6.88494487995089e-13	5.1719628951503	1.23809306150306	26.3782451615152	43.5437216095504	2	-0.54299416940199	1896.05569161003	0.813697875121578	105	1	
12875787	toru-tooru	19.914368373329	75.1433228549592	3.80654716326417e-12	5.48744677805737	1.69986030825483	55.9202260207705	41.8162088399465	2	-0.784333244559437	1748.59532174602	0.854751499578217	104	1	
12875816	indent-intent	18.8928537924816	94.893564438348	1.1445102745476e-12	4.16962627099082	1.24777255343455	71.3625322783072	43.477683734753	2	-0.85124980820083	1890.3089829392	0.938925701675388	103	1	
12875816	kata-katta	49.6442985525108	62.998876083956	249.165651927418	3.89942372056755	1.82151250125396	71.6591619930529	7.54033949525537	2	0.447039258947294	56.8567197037081	-0.0514311716401781	105	1	
12875816	reason-risen	23.9056465398212	87.2181664493983	1.44838147934746e-11	3.73323600458084	3.8535754014863	54.3305159083441	26.4805135216987	2	-0.702705645989222	701.217596372867	0.652875743563962	105	1	
12875816	toru-tooru	27.582742271149	81.3595647401057	1.19375977349178e-11	3.9387396116765	3.27668557647516	40.8565523065893	26.668534012231	2	-0.535146966591456	711.210706361521	0.499628827758203	104	1	
12875837	indent-intent	17.8355438419041	97.4244554444907	9.35019125962398e-12	3.99430430548271	4.52149862392781	40.8305423756308	37.4039182439596	2	-0.685589213512842	1399.05310000081	0.707567598801793	100	1	
12875837	kata-katta	15.761899726544	72.963589691132	2.19584284887726e-11	4.78453360476216	1.71760303299838	50.8209940485377	34.3425047380312	2	-0.576816698262886	1179.40763168169	0.576449798734495	102	1	
12875837	reason-risen	10.3119662512468	89.2385931936535	35.7266252412364	3.16561977131411	3.1410689453486	179.899999999998	25.9039902655207	2	0.751681449687395	671.016711676193	0.460452459570703	101	1	
12875837	toru-tooru	17.5240731064167	87.1425776250499	1.21810798234319e-11	4.53686163618268	1.14344479299885	54.1101248312567	40.8786046418142	2	-0.758253081289852	1671.06031746175	0.766761524897075	105	1	
12875838	indent-intent	16.6178390528271	89.3239087567053	5.98326899804742e-12	4.32317354888644	1.26047881142713	63.3243244097224	49.4942295961368	2	-0.830562499474235	2449.67876331511	0.810762731276194	103	1	
12875838	kata-katta	13.3231166406476	76.212237275246	2.79859008035567e-12	4.96318453212837	1.48912447434013	54.2251752735565	45.5600011269055	2	-0.490927861387418	2075.71370268363	0.213887014748704	99	1	
12875838	reason-risen	11.2538454418034	67.358401491334	7.88322875568579e-11	5.50356710923143	1.85855358401533	33.5739358804265	47.2745796479531	2	-0.628437843655297	2234.88588089066	0.75375738255592	98	1	
12875838	toru-tooru	18.6809673659715	91.7190316786323	1.37981492182093e-12	4.29819626304911	1.28382184096222	67.0687815050524	49.5779136693924	2	-0.762003019389845	2457.96952380972	0.786249603619391	105	1	
12875847	indent-intent	20.8582193893671	73.9687384716314	5.19296246768663e-11	3.07977276302613	4.40537659529769	40.0361161748379	23.5909086860753	2	-0.315910962258676	556.530972634743	0.108414927826549	104	1	
12875847	kata-katta	16.8360460674779	58.0870300577253	2.22817730099762e-11	1.5231474678099	1.13832959803202	69.4232363813785	20.7299129265329	2	-0.451596538784475	429.729289941635	0.0897722296891303	104	1	
12875847	reason-risen	23.0341639595618	81.4364227644643	1.21454446226172e-11	3.84558022530998	4.31513684099697	35.8973421746203	25.2602828879711	2	-0.163479927420914	638.081891580324	0.0589304811695532	102	1	
12875847	toru-tooru	17.9737062244462	74.6599564099753	2.31404663083726e-11	5.0282803952524	1.6369579188388	50.0038761821294	32.5630935758708	2	-0.679012281595051	1060.35506323092	0.796946386569691	101	1	
12875858	indent-intent	22.9928163239443	96.9263748607292	6.05006232620203e-11	3.84369415165032	3.66105082020976	38.4040161826246	37.6552461077905	2	-0.71652929079615	1417.91755943827	0.859888115261422	99	1	
12875858	kata-katta	40.1515412901903	50.9703942068033	5.19196656495464	4.96825693868434	1.9268197903986	179.898376582801	31.3642899919004	2	0.0653584889232724	983.718686696023	-0.0521704130623477	97	1	
12875858	reason-risen	20.5188145355467	80.2203152104262	1.34776074918469e-12	4.49484033153582	2.0525521783947	68.3154448553234	35.4154588548289	2	-0.858193762998806	1254.25472589808	0.837095403912445	92	1	
12875858	toru-tooru	14.1140377494274	73.768310882309	1.36530395164238e-11	3.18629101932353	1.24925302330922	55.8956019565806	35.8591535417998	2	-0.446970063048045	1285.87889273438	0.225944208731721	102	1	
12875861	indent-intent	34.097854636474	71.727385905571	3.64034693229818e-12	2.22983890285889	1.2405437181268	54.9168663443098	15.1453198872741	2	-0.792183678239983	229.380714487861	0.672576187382587	103	1	
12875861	kata-katta	48.4859053457223	49.7132474302435	13.0333976244681	2.45764109396805	1.75318829679122	176.716603888974	6.68502113584595	2	0.0891129836009398	44.6895075867071	0.595470919561146	103	1	
12875861	reason-risen	22.5639307733861	67.7217828413449	1.57233748434004e-11	5.59635137206073	1.29854027499206	39.6713440761382	21.3288154229846	2	-0.709527849302139	454.918367347745	0.690934738834571	98	1	
12875861	toru-tooru	49.8846110160267	66.0021170994989	67.6407698334135	4.25858874190703	1.42587732371209	26.1763239390432	7.29239289899201	2	-0.0681735110679314	53.1789941932691	0.55657765373117	104	1	
12875873	indent-intent	18.0098421197259	90.5207694055179	4.41105962982665e-13	3.7918734631834	4.45616839357025	55.3027772329085	28.2552328620734	2	-0.705264692592759	798.358184089994	0.611407050937918	98	1	
12875873	kata-katta	30.9588816916666	85.9149047620314	1.43757071807504e-11	4.01254832202885	1.56048135027453	55.5643285914015	21.381722483655	2	-0.706484582804236	457.178056368036	0.677015396189569	103	1	
12875873	reason-risen	17.0060251383672	89.7390987464681	5.18353681799466e-10	3.98402600638478	3.13730733579281	143.945753606736	27.500417668642	2	-0.337017433247135	756.272971949756	0.589949819667165	102	1	
12875873	toru-tooru	17.1902327363214	80.8291851324369	2.35564751301422e-12	5.18456213443066	1.48255600756172	45.4355475957165	29.6940696068801	2	-0.659325843913788	881.737769818239	0.69743171522733	103	1	
12875885	indent-intent	59.5299732313546	73.4705577622531	25.7780185045747	3.06590451195592	4.0158393098317	179.899999999479	26.3325413156496	2	0.231404341009842	693.402732140392	-0.141585388971195	104	1	
12875885	kata-katta	8.09639058773023	74.1172017674628	1.5283085139232e-08	4.35144275897392	1.3080901294982	120.902598674204	27.6074819694302	2	-0.0530728925031036	762.173060692411	0.0142666793621674	103	1	
12875885	reason-risen	55.082615394079	84.7222897225335	30.7209172525296	3.74036509379636	2.77539202137054	160.732983413478	28.0855681961292	2	0.396495530501271	788.799140899427	-0.0317068419213207	105	1	
12875885	toru-tooru	18.5218280768511	85.4974022219161	1.29591469312301e-14	4.38836756222795	1.46992332438896	57.7036972984315	45.8115905707421	2	-0.632929740836211	2098.7018306213	0.636218512724863	104	1	
12875904	indent-intent	37.7493843379659	98.3506142525422	6.03581704407863e-11	3.30946606346278	3.93166085555188	29.5225972363764	40.9669073766188	2	-0.561889608946713	1678.28750000447	0.760476865964304	100	1	
12875904	kata-katta	49.8569161071562	50.0051666546287	1.44994903564237	4.10948129254766	2.56263441924224	166.416280835307	0.659274219501197	2	0.0947362805961416	0.434642496498913	-0.0228629406143895	98	1	
12875904	reason-risen	17.3112588564986	99.3041248404535	7.65034460850505e-14	3.81950239221016	2.87838235582465	43.6527025939316	44.270166400592	2	-0.73960443929315	1959.8476331361	0.863782286617326	104	1	
12875904	toru-tooru	20.4459608657369	73.0834499762005	7.35627124122264e-12	5.46222272335613	1.68608537700921	58.0756458104249	41.815931027055	2	-0.721474586840227	1748.57208765942	0.706292079820247	102	1	
12875966	indent-intent	31.4142918515111	98.6428494900762	1.60839184418029e-12	4.30611685286155	4.56917003023572	38.6527029877527	43.8420231421572	2	-0.719763987076912	1922.12299319745	0.856402779632151	105	1	
12875966	kata-katta	9.78407460096339	73.1966907392458	2.01362571429722e-12	4.55040873117693	1.66672715280815	49.9538666417656	41.8449508010773	2	-0.668692453797781	1750.99990754458	0.533522729005634	104	1	
12875966	reason-risen	39.1928966786461	56.3626954403981	296.215450052773	6.5259054723034	4.23100912527147	11.5447935716063	20.5765053387549	2	0.363337661695795	423.392571955808	-0.100044487597716	101	1	
12875966	toru-tooru	15.3875682297212	80.2790984917988	6.79208251424316e-12	5.24703281884015	1.59884528687987	52.9855723576099	44.7901607134071	2	-0.731345056535557	2006.15849673284	0.842665216114885	102	1	
12875991	indent-intent	23.2027886656948	84.5641998271775	6.94202813666947e-12	4.436502131027	4.50596647061419	43.0642126960081	25.108038774171	2	-0.589330669470655	630.413611085275	0.477028759868297	103	1	
12875991	kata-katta	15.3791130030867	70.3630066945586	0.844831987590642	5.66756220793392	1.74172922428934	0.0100000966138794	21.4997597755965	2	0.0539281413887373	462.239670408357	0.350061022684586	103	1	
12875991	reason-risen	26.9855824413878	83.0184382660292	27.9472411396276	3.30632518951181	4.99503689468222	179.899999999952	14.2574765264463	2	0.832857106344505	203.275636902167	-0.0231107704659313	101	1	
12875991	toru-tooru	20.8293876809725	78.1997381435499	5.08475028083931e-13	5.39869156932067	1.74534146651204	53.9192712664558	30.5019063792794	2	-0.656400831301303	930.366292770326	0.677406798198141	103	1	
12876015	indent-intent	29.4010651669481	99.4338856493063	2.75369101384949e-13	2.84748691724488	3.75542625322283	38.966114167146	45.1967702840979	2	-0.691163879255202	2042.74804411352	0.887272302407849	103	1	
12876015	kata-katta	4.25034672121029	72.2688837947297	1.54250174823198e-12	2.49703644382499	1.04840847488306	44.8562827526081	43.6901228039174	2	-0.362745316178456	1908.82683062139	0.252959546617698	104	1	
12876015	reason-risen	16.9585707391422	75.5222039444868	2.33685688689506e-11	5.5023054003923	1.62726241383455	57.0014498024626	45.4110489758361	2	-0.745666969189978	2062.16336908578	0.708875909951335	104	1	
12876015	toru-tooru	8.43828748655771	74.7862014974064	4.18445729282492e-13	3.41649188799359	1.32814918399328	51.1496001366519	39.6931168281341	2	-0.672044543340707	1575.5435235319	0.708401055371315	98	1	
12876034	indent-intent	31.2157161304	96.2794298420237	2.74737501910887e-12	3.28509268060778	3.70372132868919	31.9135552172604	44.8662994262521	2	-0.635392680045047	2012.98482420611	0.818064656133649	103	1	
12876034	kata-katta	36.5000516214636	72.1666143712152	2.08012441574355e-11	2.5614882380319	4.6863821585723	47.9541110509253	15.299699607556	2	-0.563876212087346	234.080808081449	0.548832096727899	99	1	
12876034	reason-risen	18.7355543383093	93.5674755468837	1.70947407026608e-12	3.91409753201515	3.519098927952	58.1253939620854	32.4838308298337	2	-0.814500438252232	1055.19926538125	0.821758700866031	99	1	
12876034	toru-tooru	17.7333310410414	78.4380966007096	1.67282273328605e-12	4.85452914609247	1.82660230863627	63.299750364007	30.0612436094567	2	-0.839102660937819	903.678367347099	0.799089010602202	105	1	
12876045	indent-intent	23.2076180143517	99.7335638089896	4.52619804401575e-11	3.42994640776448	3.05947752698298	28.1030357845243	47.0120355642391	2	-0.598946238713829	2210.13148789328	0.802237111583036	102	1	
12876045	kata-katta	22.1866685777313	53.2949029027956	14.8611688553781	2.68230271895068	4.68599109410288	51.630787062877	31.4638443392907	2	0.256513387821579	989.973500607118	-0.149408683126526	102	1	
12876045	reason-risen	16.7076193765024	88.4842995834661	2.00465319048144e-13	4.08271573794123	1.72467259403843	51.0453417111996	46.2887117141966	2	-0.507500736799575	2142.64483216	0.428114078038285	99	1	
12876045	toru-tooru	3.64075238468803	87.635652336078	749.471408251485	4.03798283814836	3.55656854018248	79.9425342728475	21.7036992763199	2	0.885411544609648	471.050562276927	-0.161325502683479	101	1	
12876046	indent-intent	18.0473007267871	78.4769686404085	1.46216026756824e-12	4.72231290124884	2.15047809829809	67.3139398229176	34.2268165928236	2	-0.863634146104031	1171.47497407878	0.859811074150754	103	1	
12876046	kata-katta	20.4425946199998	90.9949047354423	2.17497563052646e-10	3.69081129598708	4.84099403949035	49.0958433928786	27.969366846171	2	-0.226857256184119	782.285481775691	-0.167831705919138	96	1	
12876046	reason-risen	37.6010236161173	98.9998368460512	24.9220413247387	4.78806375033453	3.26268727780912	179.313270437729	25.0942560310023	2	0.483370898604222	629.721685749496	0.0257936356325606	98	1	
12876046	toru-tooru	16.493064391265	85.256936538435	6.5023395553895e-12	4.07662375375718	1.48118937541751	57.626812361612	33.8678675431986	2	-0.703117830855237	1147.03245192364	0.684120545209728	104	1	
12876071	indent-intent	31.2156946707528	99.1843029663585	9.69878344327552e-12	3.57246585976971	3.63053792424732	33.4401859898767	45.379542275608	2	-0.587218989288538	2059.30285714369	0.769639453300126	105	1	
12876071	kata-katta	59.7685139406749	73.697721428949	9.28408844659972	4.17504924402556	1.83900601212304	179.899999999787	31.379758856949	2	0.152803627962753	984.689265920267	0.109555262210117	105	1	
12876071	reason-risen	17.0404577997358	87.4980028993876	1.762954767485e-12	4.17761265101799	1.37257925039623	56.1444015074322	44.1804061097664	2	-0.736990833166141	1951.90828402388	0.746216086476584	104	1	
12876071	toru-tooru	16.6007031609505	89.6171147753578	1.10079359141214e-10	4.00606596937032	2.62561701284643	44.3078102867948	35.7701410383992	2	-0.295883401356508	1279.50298990697	0.241727737316906	101	1	
12876085	indent-intent	20.4536817291779	85.7367933569151	2.75087950043366e-11	4.39083630897367	1.52427141941098	58.0373443256828	39.0310069193334	2	-0.820040186455444	1523.41950113705	0.907321142661233	105	1	
12876085	kata-katta	26.5321331657373	78.6153756689904	0.650289005511438	3.28489992758434	4.95751211237006	106.095800993987	19.2424867127357	2	0.0664420336504591	370.273294889811	0.0250373996160054	102	1	
12876085	reason-risen	21.4280101541159	70.9719762625412	2.50752161475483e-11	4.77781661413995	1.78556735894579	35.4867513604195	29.0514813982008	2	-0.582416243259509	843.988571430005	0.62451864664431	105	1	
12876085	toru-tooru	30.6459460983653	91.8638592168253	6.27869568947078e-10	4.29151318899025	2.94335587261293	17.6476196143692	29.1179771556017	2	-0.303959220037223	847.856593634143	0.669645608503434	102	1	
12876104	indent-intent	17.7439041874012	94.020802410475	1.19652296919037e-12	4.07802774712936	1.40317956712321	84.0641727232861	49.6332222146119	2	-0.840968328149591	2463.45674740504	0.859281645955791	102	1	
12876104	kata-katta	34.1274987377157	63.4822480047019	125.563210395179	1.29345451687512	2.66036504068537	1.20885607622708	48.2730685546367	2	0.245048318662745	2330.28914768066	0.0678685515271068	103	1	
12876104	reason-risen	15.2930126879894	74.027380977908	6.30926376038885e-12	5.46049264074948	1.63664779194292	53.2325988308854	49.7140470465794	2	-0.71045109751512	2471.48647374951	0.702421802426065	103	1	
12876104	toru-tooru	18.0608984282721	91.1512185139032	1.37061268385814e-12	4.2694232669372	1.21703780703979	69.6417636793829	49.7270972980879	2	-0.736665337753525	2472.7842056935	0.568663970444588	99	1	
12876106	indent-intent	18.7497441957313	93.3294627773569	2.45136722095438e-11	4.2591467498427	1.44885711415957	74.5285644291479	48.3637047431318	2	-0.850273317912556	2339.04793648083	0.896294112308293	101	1	
12876106	kata-katta	12.9814084662714	55.1410399252944	8.43147716651683e-12	1.6656923552813	1.26201357456169	63.8599197599321	21.1055734618601	2	-0.428187139939839	445.445231153975	0.202546410088864	98	1	
12876106	reason-risen	31.1554518530999	99.5245473837703	2.99200427258403e-12	3.65112876603152	3.34223252082978	132.420858894388	43.311942925713	2	-0.497206043697197	1875.92440000022	0.56987636796009	100	1	
12876106	toru-tooru	21.8576699526686	85.9823293440272	6.958493750247e-12	3.95356587653878	4.51246374261495	51.1236851942823	24.7651690888711	2	-0.603378585146229	613.313600000376	0.485794396657505	100	1	
12876108	indent-intent	42.8277089659282	97.3838268058298	9.96207793682322e-10	3.56973965766894	1.85311988962574	12.9423542893534	44.2323233426349	2	-0.260971179600271	1956.4984282874	0.92621685864839	104	1	
12876108	kata-katta	30.642319348359	91.5130202654648	4.69567258189669e-11	4.16997295913635	3.79188890454424	54.9603521044397	30.5110800566454	2	-0.365276578130932	930.926006223025	0.380528237335948	103	1	
12876108	reason-risen	15.7270096825329	99.9999999983864	35.3837965173751	3.92210810100823	1.02448696027191	179.899999999907	35.3362789491566	2	0.622287427382259	1248.65260997261	-0.00424234644432154	104	1	
12876108	toru-tooru	18.4159566634729	86.2571182709181	1.68593788012466e-12	5.4784640047554	1.744701766473	54.0503261423736	43.7074211655297	2	-0.612312095682311	1910.33866494099	0.467660491501504	104	1	
12876130	indent-intent	10.1429731332886	72.8075260590051	6.53316959171245e-11	1.40978426895857	1.101316882652	64.4947969554382	21.7699920908349	2	-0.597932533219969	473.932555635013	0.489169768981644	101	1	
12876130	kata-katta	42.2698920612588	53.4164652304885	7.32895264552428	4.46646063743166	4.17710079158899	0.0100001199674296	18.7901695859293	2	0.218675367955247	353.070473067981	0.559833886189289	105	1	
12876130	reason-risen	5.30407673187462	67.4006850445563	2.93637211527146e-09	3.3712538948298	1.60580473532221	8.11975585476458	27.0463379991848	2	-0.322564035223398	731.504399166147	0.590824029953903	105	1	
12876130	toru-tooru	17.6977252193975	88.7784652680198	2.04658449976798e-12	5.32868029061917	1.61699434878553	53.3121038141386	30.2467704091125	2	-0.712862906611355	914.867120181566	0.757738735324309	105	1	
12876131	indent-intent	18.2957690074062	98.7234613870588	3.10738854580654e-11	4.02796585603051	4.31418430056312	60.4381490283144	42.5662368895008	2	-0.82618454597172	1811.8845229331	0.933167667220561	104	1	
12876131	kata-katta	26.9991926202482	98.4571171445715	1.92559693371938e-11	3.34099436433981	3.25787883564959	41.8332108780005	35.35292085674	2	-0.362947564622061	1249.82901310292	0.206563085445066	103	1	
12876131	reason-risen	14.7853382802426	76.3746611463208	8.06800082724318e-11	5.38377698009753	1.45221830993788	26.7844442081551	34.0253376177885	2	-0.529849238910734	1157.72360000449	0.5820887701988	100	1	
12876131	toru-tooru	35.3265618421396	99.5278103053211	1.96024625481119e-11	1.6747803716837	3.4489117265859	20.7793185726957	33.3803040414376	2	-0.407722887320561	1114.24469789882	0.720237335994629	103	1	
12876174	indent-intent	29.6902420134823	97.6026953916045	8.23562939220396e-12	3.16825467540072	4.08462317476269	33.0368420495635	38.2842407990882	2	-0.663483680686939	1465.68309356257	0.88994952098538	99	1	
12876174	kata-katta	21.054689051065	81.1953192728984	3.67789232081116e-11	4.67135441713047	4.47792291595111	43.2802358496953	21.819049325371	2	-0.51208800413827	476.070913462972	0.306089946417477	104	1	
12876174	reason-risen	19.5221847085519	97.2085833037538	3.16645245982658e-12	3.89143753264108	3.43400382397021	34.8358197075242	37.5960456421842	2	-0.514977287737107	1413.46264792919	0.733975708946071	104	1	
12876174	toru-tooru	20.1957366995054	83.687759474174	4.17775075732603e-13	4.78866716226614	1.33915819266992	49.6203130196301	33.8995733405921	2	-0.704043441134734	1149.18107267418	0.684578315839983	103	1	
12876203	indent-intent	21.2696591299734	97.5684359511034	2.6511425767626e-12	3.87226611885298	3.02102844438093	22.4251377958155	36.0078776969149	2	-0.529581582705163	1296.56725623598	0.922052141991755	105	1	
12876203	kata-katta	16.5926973805381	71.5626397387568	2.22066247390928e-12	5.05309287326148	1.67312852780891	41.9563853930658	31.5486030710689	2	-0.672791355559237	995.314355735859	0.770598811837124	103	1	
12876203	reason-risen	30.2171966408678	79.4298857935533	29.5558306716912	3.76111894852913	4.94940934962766	179.9	29.7356152968034	2	0.533050070522396	884.206817079489	0.589625149951624	105	1	
12876203	toru-tooru	22.1786003391394	71.9961524299264	6.08141775553237e-12	5.67463320998184	2.18556930558637	60.2544411713875	36.6004686680569	2	-0.839836132558097	1339.59430672142	0.917225600424494	103	1	
12876234	indent-intent	30.9044797980936	98.8381161131355	9.24235052010017e-11	3.17642301389762	3.16760174447372	133.587355955296	41.7457327792793	2	-0.366031388437052	1742.706205279	0.558002769295358	101	1	
12876234	kata-katta	9.12274649520719	77.8481260741843	8.56642639869314e-12	4.07822262798048	1.21884126115791	48.3262381799288	32.2523015142306	2	-0.38204887305111	1040.21095296484	0.0977188584502545	103	1	
12876234	reason-risen	16.4269723450122	70.3918215907909	171.305216401794	2.94637366551563	3.18414145590552	179.114390024675	27.0555007844555	2	0.670016718195763	732.000122697674	-0.0764199060740857	102	1	
12876234	toru-tooru	8.22665788529312	73.278292136244	1.14388096883354e-11	2.2994305143962	1.05008426926244	56.9133177427268	35.6452282340057	2	-0.674911219265975	1270.58229585435	0.578836268501674	101	1	
12876235	indent-intent	54.8571394227733	78.3617975451373	27.917626018298	1.94600740538477	3.12812911357402	179.899999999927	40.3543931807892	2	0.221415404356766	1628.47704898972	0.545576125626678	105	1	
12876235	kata-katta	22.1118307323626	96.7920152161369	6.43315831102867e-12	3.41275379907111	3.89428595768662	43.5456680201996	36.832489788154	2	-0.47594557846732	1356.63230399447	0.563635308477079	104	1	
12876235	reason-risen	1.96661834293345	94.7431551858473	54.7367822704532	4.17030917843884	4.98950049132406	179.899999999718	27.0913441141123	2	0.75420204810567	733.940925909249	0.0143178247153571	103	1	
12876235	toru-tooru	15.3979762662273	73.3520185908107	6.98849251890801e-13	4.56835803841593	1.70455949012516	58.0583662844707	39.8673732759403	2	-0.708138644713835	1589.40745192316	0.711974231378425	104	1	
12876260	indent-intent	18.0388442951156	94.4905673700605	3.98118048125545e-12	4.07989452669877	1.70897688657336	71.9025293683296	40.1880204740159	2	-0.867220868289524	1615.07698961992	0.840242893581646	102	1	
12876260	kata-katta	26.2408419099601	96.9999998641954	5.60224693302725	3.01825510811631	1.71272830327401	0.0100000002381648	32.5161731432956	2	0.199326507549615	1057.30151588478	0.0274998932255489	104	1	
12876260	reason-risen	17.3711854641948	89.785677124516	1.31483181088914e-10	3.83778932035303	1.25451282597881	133.175464621481	39.0166973493812	2	-0.223457180018774	1522.30267205321	0.516963746087305	102	1	
12876260	toru-tooru	35.6171343628017	99.5479098525575	3.62318959117925e-12	1.65493225712635	3.63295332656949	23.5795134671943	34.3574935713012	2	-0.428165452674384	1180.437364502	0.659141671640283	103	1	
12876401	indent-intent	28.2608639583916	99.0206885677073	9.9972973762794e-12	3.34506049157779	4.42699061934238	35.5138698758414	37.1268762381556	2	-0.623330057497267	1378.40493920333	0.842086649038675	103	1	
12876401	kata-katta	21.1664376710417	89.1357291147208	0.0263208799188436	2.17554173152642	3.96851559386005	7.72258043118646	23.7482781566399	2	0.0666254123521293	563.980715405142	0.175668847272966	89	1	
12876401	reason-risen	7.0022550222877	73.0785526856848	5.23733538144079e-13	2.20444873721393	1.09085484252153	51.9799866495962	30.4401778595268	2	-0.758315150980686	926.604428119624	0.574424299595922	99	1	
12876401	toru-tooru	19.8007669212871	84.219640479383	4.73590117414164e-12	5.28070874390582	1.58081532697371	47.9912517524072	28.7716182778439	2	-0.550688766609056	827.806018325962	0.333803900692842	98	1	
12876451	indent-intent	72.6130266621541	87.7958437630213	16.1138081322233	1.10649561513473	4.95881888463719	0.729912053993132	27.6445954608398	2	-0.0360321570334509	764.223658193487	0.090752482379115	98	1	
12876451	kata-katta	18.3673494691038	88.4205263286983	4.73297527632458e-12	1.23298690654935	4.98965640605113	46.7783576695296	45.6857553959383	2	-0.223528394100733	2087.1882460975	-0.00436572883734569	99	1	
12876451	reason-risen	5.57399127356041	85.1749197157642	141.959134215213	3.29533754837398	4.00879728601978	170.546464231485	28.0709782156576	2	0.796278675506327	787.979817983921	-0.199081117535965	90	1	
12876451	toru-tooru	14.0284999261055	76.6645709469975	7.24395301912933e-12	5.1249902070685	1.59784165889917	52.724359836536	48.6106853028837	2	-0.66910305270393	2362.99872561599	0.694226490927513	101	1	
12876509	indent-intent	18.1010069806102	85.098992758911	6.27001536681259e-12	4.40190913395249	1.66874218602512	58.1988499560692	41.8836483606769	2	-0.854074414041291	1754.24000000083	0.907258224463538	105	1	
12876509	kata-katta	20.0439539333534	82.9851687526621	1.62793345374717e-11	4.03415884184436	1.70275335240831	42.6342644136341	26.7969220365935	2	-0.602343038933067	718.075030635268	0.56467054759776	103	1	
12876509	reason-risen	17.9680924194437	78.1461935671395	1.13676202234857e-12	5.12220827244854	1.47377778203139	45.8624194032938	27.6910948626803	2	-0.743621373989804	766.796734693959	0.836411201595978	105	1	
12876509	toru-tooru	17.6907493558797	89.6296431659943	6.57872182650191e-12	4.30624467053503	1.34097740608883	58.9731292609347	42.3131078403458	2	-0.7846834554415	1790.39909510873	0.823352377810373	103	1	
12876660	indent-intent	18.177800965881	90.6457268077106	1.95973825161112e-12	4.07227426930672	1.83250875722876	66.0474074362732	35.0625080311586	2	-0.859980232005638	1229.37946943506	0.846484235711625	102	1	
12876660	kata-katta	19.8351039863293	92.9985338138681	0.723696760612906	5.00960204673099	2.31769203358187	0.0100000513434679	18.7171216779797	2	0.0546027370306434	350.330643908296	0.211158120344315	103	1	
12876660	reason-risen	20.2181101948774	93.6036757640566	2.38105722187614e-12	3.39824727865333	3.81235032481585	35.8903586917578	34.392636504647	2	-0.608829207727026	1182.85344574078	0.64684845516879	101	1	
12876660	toru-tooru	17.5392731314104	74.3807172568695	3.1840893239968e-12	5.06421054026282	1.52704171734428	51.8216622775874	30.8363162521116	2	-0.629140779717279	950.878400000244	0.675778306785636	100	1	
12876690	indent-intent	31.7889719298114	77.7494884470814	4.59204858934315e-12	4.14646857309785	4.30283145300726	46.3590842976579	19.7572921149682	2	-0.654526912209016	390.350591716185	0.572255899130137	104	1	
12876690	kata-katta	39.690871024677	42.7606130492091	16.3735113757066	3.96333580268545	2.69866946995739	0.0325752218291484	13.3907456839421	2	0.0913625304131059	179.312069972014	0.359659688571392	105	1	
12876690	reason-risen	27.0934278626333	78.5007367786062	23.2447351711337	3.594440782983	2.36393959859102	179.8999999997	14.3917088951975	2	0.789316260259239	207.121284924107	-0.0467735980237516	104	1	
12876690	toru-tooru	23.4785416510536	68.083362172826	1.1495279114368e-10	1.2775587714506	1.08470077617987	62.6062681911588	16.750255692486	2	-0.552297296408127	280.57106576366	0.366947881281819	105	1	
12876725	indent-intent	37.016203138814	89.0515374682187	0.000257437431122266	4.07800129871453	2.89328074933331	174.766907264446	32.7213548224105	2	0.104183723133358	1070.68706141409	0.707553576241973	104	1	
12876725	kata-katta	14.8599934992581	74.2553904522153	5.49788816825407e-12	2.6222369020046	1.21343982206132	45.1020482228678	25.5744865814639	2	-0.30475351208755	654.054363905475	0.17569489114338	104	1	
12876725	reason-risen	17.7900766817761	86.345845034975	4.66445030832439e-14	4.2170331861493	1.82229444344226	58.4967995881357	36.1604467001155	2	-0.727733501518957	1307.57790555189	0.702611987172925	103	1	
12876725	toru-tooru	29.3215713415798	91.8501415799789	3.65454086897272e-12	4.13253068330336	3.774024126476	43.3581436115516	23.0322611253395	2	-0.557788156899361	530.485052545823	0.446530454827695	99	1	
12876777	indent-intent	23.6374913540445	98.0708495809737	5.33392486415628e-11	2.6603553632018	4.62422454162621	37.9386148589047	34.0651884770405	2	-0.693852546566444	1160.43706597629	0.947256146722598	96	1	
12876777	kata-katta	19.4882603877241	73.2200721580177	6.85273184109789e-12	1.70704541665515	1.28783834541005	55.4692566510953	29.8939023766675	2	-0.228374609600572	893.645399305727	-0.0494029893936027	96	1	
12876777	reason-risen	11.895736277867	71.1630876165766	3.81924248695586e-12	4.35159405661307	1.63330366685225	45.8303839522496	35.0267981112869	2	-0.779869956222034	1226.87658592885	0.92033836866865	102	1	
12876777	toru-tooru	13.2984053288611	68.3682623398047	1.97682269082065e-11	4.23706196947661	1.40368796890815	45.8027153684004	35.6112130758517	2	-0.688512107406119	1268.15849673371	0.758798308004166	102	1	
12876808	indent-intent	24.9729786744605	96.512735139963	2.84408567132744e-12	3.11376233448202	3.98294491765387	36.5811951762969	37.8314629883235	2	-0.447496836879233	1431.21959183689	0.275741536135942	105	1	
12876808	kata-katta	17.6042970553415	90.8115449030942	3.61204061187946e-12	3.99743804406285	3.7321124653781	48.4684285087273	42.6974891630135	2	-0.457104260381876	1823.07558082566	0.308063876547312	101	1	
12876808	reason-risen	6.11796896281425	88.0700498546506	282.724330944296	3.03070983787969	1.01026819212507	179.563307849714	28.7265176715136	2	0.789317189433434	825.212817531783	-0.125376092604311	105	1	
12876808	toru-tooru	42.0987892606462	99.7869242143921	1.61449344355119e-11	1.4860155272297	4.29720414275753	26.7703213529996	39.3002674343199	2	-0.456910328444506	1544.51102040906	0.606804892859849	105	1	
12876840	indent-intent	34.882924129771	99.9908608876922	6.86760962111993e-13	4.20049129051652	4.77047654585895	97.2153080012328	44.2696218144071	2	-0.75226593756342	1959.79941559063	0.790578005844074	103	1	
12876840	kata-katta	17.9736638903173	87.2263063505142	2.54409032772987e-12	4.389739962646	1.28138502089078	64.3415815311038	41.1336034567098	2	-0.728118646115482	1691.97333333385	0.619637099619878	105	1	
12876840	reason-risen	14.7774677316083	83.8608836875169	37.7591333630126	2.88096380867712	3.10130506697355	175.581061503984	18.9807615026825	2	0.824657570135029	360.269307221714	-0.0262538952106871	100	1	
12876840	toru-tooru	17.2713379924592	82.2478924640502	1.18876123217316e-12	4.92651592975804	1.3997374062061	49.9663010980179	40.4081330332991	2	-0.664351029590376	1632.8172152368	0.688953166570543	104	1	
12876867	indent-intent	17.6494706239898	73.4705393206007	6.77012679541882e-12	5.66900541369849	1.61668348461794	51.8755982253808	44.5406151731299	2	-0.770030974900584	1983.86640000085	0.8575611522418	100	1	
12876867	kata-katta	28.5462731279821	40.9138526124078	46.7906462865242	6.14481023493097	4.9999948325902	7.86212408829093	42.9599779424841	2	0.12424486314667	1845.55970481872	-0.0794518253295089	100	1	
12876867	reason-risen	22.9767286385922	77.7163399196131	2.30046134006028e-13	5.34170547706402	1.8826348998723	61.6261260296813	42.2211142438402	2	-0.765368590636303	1782.6224879914	0.818123858307857	101	1	
12876867	toru-tooru	22.7300458051438	89.2895627082925	5.82694882313981e-12	4.35095560292216	1.323552735659	72.5329279203407	44.1191557476337	2	-0.828972799384813	1946.49990388396	0.902845605275943	102	1	
12876993	indent-intent	20.913335355182	90.9119053421882	2.20756685983761e-12	3.96505152399373	3.88803819654745	44.0298639666798	35.633001719968	2	-0.612503640725372	1269.71081157524	0.558518163618292	103	1	
12876993	kata-katta	15.1059011357834	76.814889755475	6.39096926933378e-12	1.32590515687527	1.03178374073955	63.353046265284	25.0610821288132	2	-0.335054461032891	628.057837467119	0.0547735503634346	101	1	
12876993	reason-risen	4.33783119979658e-08	85.0127312048266	17.2896226410242	2.88854263164258	1.99106368104789	179.899999999927	27.4450721639713	2	0.600691584456944	753.231986085594	-0.0325886007711453	103	1	
12876993	toru-tooru	15.1023439503772	86.8376560099758	1.51848468699139e-12	4.05468547171583	2.80315092700816	36.5090352439457	34.0950010998689	2	-0.363195609056358	1162.46910000006	0.469397413364401	100	1	
12876994	indent-intent	22.6898096009357	98.794736746832	1.05548716653557e-11	2.6318294026569	2.70737139829095	27.6905610491349	45.2507967351529	2	-0.556649538448302	2047.63460516613	0.681614708385944	97	1	
12876994	kata-katta	28.3655916380427	38.5557068858109	77.7757452819526	1.21330715068405	1.86423255922148	0.0487579472622031	29.5344458329311	2	0.167248491503908	872.283490658339	0.31796062882736	88	1	
12876994	reason-risen	43.4142642560334	68.8225257781017	32.2673408097379	1.924477439739	1.60170925836877	179.899999999925	33.0187811315954	2	0.294437724944976	1090.2399074162	-0.163687911233179	94	1	
12876994	toru-tooru	16.9162788559028	88.1399006411962	2.12650732800611e-11	3.90026882264541	3.58610115443647	49.5628179892061	34.7931576276293	2	-0.485177261025328	1210.56381770106	0.315678498157474	89	1	
12876998	indent-intent	31.2410682501576	72.4288344357045	5.12818522876205e-11	3.991674814936	2.57921474393187	31.2070860606372	17.3228044812731	2	-0.591677437282925	300.079555096416	0.583628062729943	103	1	
12876998	kata-katta	36.1329630606394	61.867036668923	1.41268719958495e-10	3.17067268591503	1.42700188474792	39.3438903590667	12.5295766594269	2	-0.39282627815635	156.990291264454	0.226468373465576	103	1	
12876998	reason-risen	31.5187070370279	67.7605837925945	9.80862558343402	3.11003154309644	1.09030582857739	179.899999181347	8.22806994651766	2	0.790494564933289	67.7011350447871	-0.199331269825142	103	1	
12876998	toru-tooru	27.7740522076512	65.0690858078488	2.15664951870043e-12	3.34317395282681	1.17195958713988	47.569973823674	13.1919734022373	2	-0.45427915599562	174.028162245336	0.277510194200178	102	1	
12877091	indent-intent	26.6903879355761	95.6625531358102	9.06156614476479e-14	3.08606857071441	2.664108814781	21.57875961092	40.1769155661059	2	-0.518392350184801	1614.184544406	0.955750878565648	102	1	
12877091	kata-katta	16.5749097809387	74.0346129317995	5.59524696965687e-12	5.71519046001148	1.50662768536922	36.140408940573	30.6171827914733	2	-0.569859713892105	937.411882086489	0.801214895050994	105	1	
12877091	reason-risen	19.7325503358692	90.3257012727085	1.69466016221173e-12	4.08212718555221	1.59173981385205	67.3038916340157	36.5400315947515	2	-0.849514537860608	1335.17390894544	0.833068994111669	103	1	
12877091	toru-tooru	22.1392407486109	70.4376824115569	1.88477988656299e-13	6.01457984305658	1.92356008534971	59.4161026032916	40.7234276451727	2	-0.767404425480582	1658.39755917162	0.796179746837123	104	1	
12877107	indent-intent	60.2588587900344	79.3870012389087	10.7945200163975	2.59695406396898	4.09806031827578	179.899999999991	29.9432117785638	2	0.245833941235506	896.595931615923	0.621493221736533	103	1	
12877107	kata-katta	33.1435612942638	96.4447586349088	4.80208249192074e-10	2.56942865329845	3.90436459918964	10.8925803185889	32.3880691649179	2	-0.183048114910506	1048.98702423151	0.269555708127968	102	1	
12877107	reason-risen	6.72726386359843	71.6855721917929	18.1789228395405	3.21673483323223	2.92990963571771	179.899999999993	25.9954126387782	2	0.59979380476487	675.761478260348	0.161282479858659	103	1	
12877107	toru-tooru	23.7970040020078	98.4010148820051	1.2255637907506e-11	2.76983554625167	3.89493115592198	41.2029530312682	37.4759341789483	2	-0.514549862223821	1404.44564258486	0.448858228939696	101	1	
12877172	indent-intent	20.2395167009567	86.65572075597	5.5963555823623e-12	3.95713675081732	3.78358112391227	47.2148550330939	26.5311967143081	2	-0.655216753096986	703.904399093312	0.667020723056167	105	1	
12877172	kata-katta	22.3987834878638	82.1254875651186	4.38966919612288e-12	4.3590449649992	4.69675809733529	52.1654478735218	21.0436260511288	2	-0.482918950654726	442.834197379746	0.519678238192839	103	1	
12877172	reason-risen	18.5736851524143	91.6616079564448	1.92971372105411e-12	4.03920294617438	4.41193375127156	55.2526729691571	30.3464615366791	2	-0.666721042432371	920.907727797142	0.595703210617889	102	1	
12877172	toru-tooru	10.0068271095773	78.5562776004045	2.41730070476181e-11	5.6373716546574	1.16564589036707	22.1402348368193	27.3408608026966	2	-0.405102450752478	747.522669432432	0.501930617576937	103	1	
12877187	indent-intent	19.5507905160857	95.7953627593249	4.35193278046478e-14	4.16278260910028	3.2954461068268	88.2919703515724	40.3252264783789	2	-0.917323153771112	1626.12389053255	0.916821772042599	104	1	
12877187	kata-katta	10.9580093386294	77.6699568413308	0.000258607155485781	3.02989986281301	1.65799726839427	0.10195555332885	25.5143612594809	2	0.00688613454789137	650.982630479298	0.384421918025574	99	1	
12877187	reason-risen	11.4768558248872	77.9700065933972	26.2893294153287	2.98661852702119	1.97267563179073	179.899999999961	19.0573425615474	2	0.778239197875384	363.182305508165	0.176970810691099	103	1	
12877187	toru-tooru	18.0223569883808	90.9776404632705	6.05949963656618e-12	4.22493592293393	1.31432165021809	65.4465826234978	40.6464588295883	2	-0.846051652580932	1652.13461538542	0.835903914250056	104	1	
12877189	indent-intent	44.873077954905	98.7308818021082	1.43129162508981e-10	1.03926027402431	4.98841173367459	0.123808525444502	44.0526282472068	2	-0.102125566044318	1940.6340554866	0.226098441160093	101	1	
12877189	kata-katta	18.5853427297569	95.6282490943316	5.80229287511563e-13	4.77495453442167	4.84875135599213	64.6168828608191	48.7302686225561	2	-0.720709543635105	2374.63908002647	0.618607400583798	103	1	
12877189	reason-risen	3.12962144323756	97.0204473819906	65.0307785789865	2.97977518131582	2.61256146677022	179.899999999995	29.4582023269866	2	0.800952790996326	867.785684337677	-0.0367786924029432	95	1	
12877189	toru-tooru	18.797012389336	91.9158581954618	5.68721177096764e-12	4.23355229763544	1.49872590727004	70.834965917933	49.1071941571624	2	-0.760301528130753	2411.51651798924	0.655151917521409	101	1	
12877201	indent-intent	23.4840660372524	94.8071957410442	9.89515468727544e-12	4.0903162906969	1.30642588756203	70.9522656414801	36.6268000364982	2	-0.846552466486509	1341.52248091363	0.83005565375804	103	1	
12877201	kata-katta	28.0222173213716	73.0562136091774	5.40941805226363e-12	3.75717355149525	3.83385181980165	44.4094243178649	21.4332852598966	2	-0.477550590004178	459.3857170321	0.396178323973002	102	1	
12877201	reason-risen	37.7153855296103	87.6401701453269	0.109407450483769	4.59147999394702	2.18432486767904	0.0100546036976539	28.0722736773815	2	0.00557590270614497	788.052549417807	0.584863626173589	98	1	
12877201	toru-tooru	36.0412182969262	63.6759534407948	2.67447050884816e-11	3.8512374226817	4.18884799948194	31.9943597782012	14.0086626165267	2	-0.364747805677977	196.242628303673	0.273498062347441	99	1	
12877464	indent-intent	20.2201686856669	96.7013993649089	2.34726901672967e-13	3.94344772038269	3.89009360043837	42.2178300319652	27.0397933223292	2	-0.728351719064309	731.150422914279	0.838182153132835	102	1	
12877464	kata-katta	42.9582035210225	50.6389324925649	18.6032348700537	2.15833204280773	3.03464233815359	0.0100002769803496	14.185102811726	2	0.224938628918271	201.217141779236	0.14014099313809	102	1	
12877464	reason-risen	19.3157623544599	67.519188349356	1.21625065541686e-11	5.24562778819542	1.97398916267956	50.4237481943175	26.1034254612942	2	-0.736408187885558	681.388820813345	0.749896672340079	103	1	
12877464	toru-tooru	29.7489470065654	88.3287229078868	1.32625692288747e-12	3.97018222100952	4.00668342101578	39.7159855696442	23.817233839574	2	-0.689618059683859	567.260627768949	0.733905678440232	103	1	
12877470	indent-intent	22.807525138126	99.3079140358278	4.26987163667956e-11	2.02713531377078	2.68650594302384	31.7773816264262	45.5926417231409	2	-0.642655648587666	2078.68897929469	0.93304032801164	104	1	
12877470	kata-katta	2.99574523251882	67.0042726092428	1.81928725630319e-11	6.11976879643722	1.8425573754851	28.444334561098	40.4065874294463	2	-0.486172881903443	1632.69230769349	0.58102648578287	104	1	
12877470	reason-risen	14.0241048129139	74.5473221237908	1.3667889358806e-11	5.44834841420631	1.65918547590858	54.7923295684081	46.3086362995072	2	-0.722684699279124	2144.48979592004	0.733200113653526	105	1	
12877470	toru-tooru	18.5958220940278	73.3272621502386	5.86630096974604e-12	5.39529083900812	1.63564622282125	56.0231497438323	46.9352916006064	2	-0.791762882298686	2202.92159763395	0.782865374464897	104	1	
12877474	indent-intent	29.7158798172244	98.9574094977196	7.5433113565251e-11	3.1114236243061	4.03294846454973	18.4952344230684	47.8597946622013	2	-0.421168663742897	2290.55994510807	0.584475252751403	101	1	
12877474	kata-katta	18.47733706621	83.5030543932368	1.27655708114824e-12	4.57076823810176	2.03492291258799	64.6527678267936	49.9039263452045	2	-0.654572526339016	2490.40186466759	0.385379048581391	102	1	
12877474	reason-risen	1.49834129852862	89.8797082815443	27.610613939594	3.72994043474011	1.5558294986884	179.899999999999	38.755532288992	2	0.568951860596525	1501.9912830031	-0.0292321279570325	99	1	
12877474	toru-tooru	49.4590257619751	70.556865906176	7.97278064010158	1.57123797398952	2.81831859667066	0.0100000004273113	45.3156469196096	2	0.139050713825377	2053.50785574272	0.254932132198559	104	1	
12877480	indent-intent	47.0416659222714	60.4122557598524	2.91393315773038	1.00334281351021	4.93343751150888	164.501798059391	14.8448495938416	2	0.197600798963458	220.369559463779	0.112518657884534	105	1	
12877480	kata-katta	8.89790662730821	71.1401880841508	1.90564173156769e-11	1.18255799548029	1.09630908270998	72.6628897343336	23.6876423287285	2	-0.453256442249166	561.104399093771	0.315760096317893	105	1	
12877480	reason-risen	22.0168796870161	82.7133031401346	0.000915775992260373	2.92495573337734	3.74046116091965	12.144868596836	22.6762483657735	2	-0.017527957879429	514.212239946247	-0.0517693744840018	99	1	
12877480	toru-tooru	16.1638942153383	86.0837241873814	5.49810167212211e-12	3.7470591904485	4.95850040653997	48.1536966085271	27.2759078197701	2	-0.572522586375272	743.975147392593	0.540796421871825	105	1	
