ID	prepost	pair	Min	Max	Crossover	Slope	PointVar	exitflag	R	LS	AR	N	status	comment
2	posttraining	indent-intent	2.63786249852494	98.4407102633224	3.92363796232638	114.186236269563	13.4957932412538	2090	0.956379018725052	182.136435210673	-0.216511261216555	28	1	
2	posttraining	kata-katta	27.5427436602234	99.9999894858394	6.86840958301561	82.0262726849556	43.1960754890959	2080	0.363019339926685	1865.90093765967	-0.410675097335171	26	1	
2	posttraining	reason-risen	14.9916820007244	77.5012374119332	3.18850259492718	96.3262413893726	26.3217168264185	2090	0.73800133296349	692.832776690165	0.0572151398969792	28	1	
2	posttraining	toru-tooru	24.1248610058102	99.9999999672468	3.48852323494059	131.316318653942	28.2777008036798	2060	0.795409696255875	799.628362742433	0.0849829798771402	28	1	
2	pretraining	indent-intent	5.20360930960675	99.9999996945813	3.55416914593923	68.0969087395248	10.9673201435528	2070	0.967830768523964	120.282111131178	0.160042381573396	28	1	
2	pretraining	kata-katta	8.17805073376668	66.3603158301013	4.25897948384094	93.0891059103365	34.3323842539645	2080	0.632526456794755	1178.71260856187	-0.345884407245816	27	1	
2	pretraining	reason-risen	8.57527225686793	68.9324300612581	5.46961511158967	64.5138868137408	21.6262456316521	2090	0.762276788397984	467.694500120554	-0.453889440313484	28	1	
2	pretraining	toru-tooru	6.37951416138094e-08	95.0430702034386	3.56244362323214	159.775925672002	4.54607727907659	2080	0.995273857958877	20.6668186273364	0.0385822022730993	28	1	
3	posttraining	indent-intent	7.85639286959849e-08	99.9999999109307	3.48782651081402	187.190054642223	1.12210465358506	2050	0.999773446090681	1.25911885359725	0.550054169001733	28	1	
3	posttraining	kata-katta	4.12015168649305e-08	99.9999999708237	2.99963738524304	33.584973292965	29.9301998175558	2060	0.777927408153368	895.816861118817	-0.0737800163524935	28	1	
3	posttraining	reason-risen	3.55709595361427	99.9999999319699	3.68829762849593	49.0055829845436	21.2276876653256	2060	0.891097852591369	450.614723616615	-0.219658123682051	27	1	
3	posttraining	toru-tooru	2.64351498913129e-07	99.9999986384759	3.4950265672364	184.389827906949	1.28285270874433	2080	0.999665846699373	1.64571107233266	0.53843939930993	26	1	
3	pretraining	indent-intent	1.23684735164923	93.909548075136	2.3679313031254	153.434051861795	7.14233737725789	2020	0.982719259946	51.0129832105751	0.0315224193102168	26	1	
3	pretraining	kata-katta	6.36027084625467	85.3560146838453	4.72649068447706	129.026931823059	30.20151145817	2090	0.773577553515115	912.131294357974	-0.201662298529875	27	1	
3	pretraining	reason-risen	14.4793762882557	79.7514501309896	4.37101040616364	84.6147520593807	20.668676722745	2070	0.832463619787154	427.194197469342	-0.0630630358270214	27	1	
3	pretraining	toru-tooru	9.85180506063443e-08	99.6610386352862	3.50639042133697	184.178685174947	1.20401199932765	2030	0.999717308850943	1.44964489452497	0.33539181342815	26	1	
4	posttraining	indent-intent	24.7221966212127	77.0620249941976	4.10559594915203	8.65328817999476	4.56917855223685	2090	0.95037324584021	20.8773926422212	-0.220856871945927	22	1	
4	posttraining	kata-katta	19.1238564267402	75.4355867015953	3.33890871389584	6.7819688715592	5.72306839005233	2060	0.9002404929557	32.7535117972162	-0.369511366212057	28	1	
4	posttraining	reason-risen	15.5374176638817	96.3750570535632	4.96792933808965	9.90244495340099	5.86608461398991	2070	0.944280946159762	34.4109486984891	-0.0908149725400756	26	1	
4	posttraining	toru-tooru	12.8765089503356	68.7024957034589	2.70077463770583	21.571372390738	6.88263806228182	2100	0.945004702689341	47.3707066963705	-0.0985824667674417	28	1	
4	pretraining	indent-intent	1.62144436921775	88.5371222862391	3.03548433007149	13.7116062144961	7.95679747447363	2080	0.938454128887007	63.3106260497899	0.0283657481178482	28	1	
4	pretraining	kata-katta	2.07327076395813e-07	66.0693913819246	1.59229248319668	10.012382280963	8.96859490145895	2040	0.821967688641518	80.4356945064754	0.0975591852694404	28	1	
4	pretraining	reason-risen	3.92467618808032	99.9999999781138	4.88917635646247	15.9981321110058	11.405040550117	2030	0.911686696114228	130.074949949814	0.162655162056121	27	1	
4	pretraining	toru-tooru	4.27887655973791e-07	76.0886401156505	2.36180464280286	18.50752412219	9.19640009144199	2050	0.920879260026605	84.5737746418742	-0.171165477624024	28	1	
6	posttraining	indent-intent	10.2895116941183	81.2231158267265	3.04662280777614	56.5575336238791	15.9340395807686	2100	0.886176155305413	253.893617361502	0.0349569721507043	28	1	
6	posttraining	kata-katta	9.71284462313517	99.9999999461412	5.15418461821374	11.6206305355635	15.8489117332211	2080	0.780260546869418	251.188003127433	-0.176693976482804	27	1	
6	posttraining	reason-risen	2.89890404753294	99.9999999736941	4.98178153962294	29.0224283692393	12.0879433664263	2030	0.944383902116573	146.11837482993	-0.0931331093497289	28	1	
6	posttraining	toru-tooru	5.84656447699672e-08	99.9999995505752	2.80281196794719	27.4176839155708	21.2736247711304	2020	0.837655126419612	452.567110902854	-0.163860403668254	28	1	
6	pretraining	indent-intent	4.51301340121554	96.4559696347054	2.63760495366578	87.3438105957666	16.9704048640882	2100	0.910223052345912	287.99464125107	-0.144297372459982	27	1	
6	pretraining	kata-katta	14.050603388091	77.8899048452173	5.30950865853319	19.6633010229091	27.5177241458749	2080	0.607698513445105	757.225142168466	-0.0466351894686093	28	1	
6	pretraining	reason-risen	0.478376026554457	86.8375954760191	4.27824926988899	42.042649065463	13.2719067047305	2040	0.937276252007988	176.143507579071	-0.285598270530722	27	1	
6	pretraining	toru-tooru	6.68575916355041	93.5462356372384	2.74462158796766	86.1394688380585	20.6242853838888	2060	0.873172105095087	425.361147596089	-0.328433068913855	28	1	
7	posttraining	indent-intent	19.4536867390324	92.3620709564987	3.36233667839054	108.932746498781	9.74493154408079	2070	0.962804785425193	94.9636907988208	-0.0727251588457105	28	1	
7	posttraining	kata-katta	7.80473641270873e-09	78.9777237543441	3.92708252012366	15.3783212074963	15.9033664385507	2050	0.836460666110316	252.917064078819	0.0564556861818145	28	1	
7	posttraining	reason-risen	4.23471432379744	98.6883980279642	4.45925448862079	30.2990044715442	12.7863008703854	2070	0.940462845735012	163.489489948017	-0.529656820756895	27	1	
7	posttraining	toru-tooru	6.17883987043723	86.1703006911628	2.82179871590057	53.6249226120537	7.12154404445965	2090	0.97798054748593	50.7163895771787	-0.0441288723484421	27	1	
7	pretraining	indent-intent	8.06694304440556	94.7432956181565	3.28084466333101	48.7472003144815	7.78637223471984	2030	0.978330633855043	60.6275925776161	-0.305792790105956	27	1	
7	pretraining	kata-katta	15.6010264937755	91.3634750604615	4.29699500087473	47.1170491705223	14.2854901115072	2100	0.918173019540787	204.075227725971	-0.00222683023698143	28	1	
7	pretraining	reason-risen	5.3505991572581	87.8567609588956	3.26183920046531	42.2848424247946	11.7986742763465	2060	0.943472375717718	139.20871467932	-0.200129228225319	26	1	
7	pretraining	toru-tooru	8.98068627517752	95.398917716102	3.38677236421104	104.87254038881	7.21776017075977	2040	0.984105143398078	52.0960618826061	0.249311395072834	26	1	
8	posttraining	indent-intent	2.30522589448428	99.9999993766346	3.25451411802313	121.378439519167	8.00099234258666	2010	0.984629557666619	64.0158784661304	0.10220790840374	28	1	
8	posttraining	kata-katta	2.97496782764028e-08	98.8296332433088	3.93514184957783	36.5264504006949	16.89322188418	2060	0.920258979612836	285.380945628138	-0.630143672277499	28	1	
8	posttraining	reason-risen	3.14971373427397e-08	99.9999999655285	3.81670844281413	32.7826046132386	14.506558999759	2040	0.93671837633447	210.44025401349	-0.0250791527647095	28	1	
8	posttraining	toru-tooru	1.70847075941122	99.9999999664881	3.02186995582056	45.7952951804868	11.693215981738	2060	0.957881666784891	136.731299995573	-0.638962986091562	28	1	
8	pretraining	indent-intent	0.558244679381936	99.9999999673686	3.19644565888341	40.4428734160451	9.60937818609695	2030	0.971835478177266	92.3401491234359	-0.0201210504362854	25	1	
8	pretraining	kata-katta	9.0080773896558	83.9576782265588	3.23531441282435	16.3378970136523	16.2683195462714	2090	0.822912877207855	264.658220859597	0.0167901527080892	25	1	
8	pretraining	reason-risen	2.51940264206496e-08	74.3756703329439	3.77672486413537	20.1421906532242	19.2903052630663	2070	0.802785792875226	372.115877142284	-0.1763513333442	27	1	
8	pretraining	toru-tooru	1.16351465351272e-07	99.999999841581	2.8235218322153	33.168702911443	10.2948574697363	2010	0.963224936837613	105.984090322186	0.405024099524221	27	1	
10	posttraining	indent-intent	8.32916676855257	92.1085198963462	2.88039724235296	57.6439578801628	10.8922699332147	2020	0.95412215675802	118.641544298014	-0.174187552649921	28	1	
10	posttraining	kata-katta	14.5488298660893	66.7531579188881	1.00000001501792	44.9528903334717	18.9319407677681	2050	0.431416936648201	358.418381234279	0.00862184623495696	28	1	
10	posttraining	reason-risen	2.32587119342043e-06	98.0737622357429	3.66506786585742	16.3971954657004	17.0117243977499	2070	0.841053078805461	289.398766984999	-0.327831672591107	28	1	
10	posttraining	toru-tooru	12.4167827596388	91.1339005638117	2.98908557027346	54.1251860073703	16.9821099640134	2090	0.889361038774033	288.392058829843	-0.0922410123763286	28	1	
10	pretraining	indent-intent	2.93903261194306	99.9999999645608	3.96908460092286	62.4314271356242	15.8585860504604	2030	0.939280277332187	251.494751519859	-0.0917617182970121	28	1	
10	pretraining	kata-katta	39.9384625697469	93.6399211978092	3.25908797223194	15.2303331715735	18.4016728738029	2050	0.710540736373286	338.621564554454	-0.209399831083639	28	1	
10	pretraining	reason-risen	1.60262665360733e-07	99.9999999668577	4.40202670372482	28.545435938243	20.5716945451223	2040	0.871662462207614	423.194616457816	-0.339769159169799	28	1	
10	pretraining	toru-tooru	7.86871936497846e-08	99.5245263255297	3.22568957222751	63.4293854320915	16.1114606762894	2100	0.935834372986301	259.579165123621	-0.0258150742852079	28	1	
11	posttraining	indent-intent	0.295435812967128	99.2479880325064	2.68569851721545	88.8348587622478	14.5753356247208	2080	0.943444675209174	212.440408573254	-0.120380562758309	28	1	
11	posttraining	kata-katta	19.0749132910086	85.547523784834	4.6115301517578	28.3604689576404	32.0776674841372	2020	0.637421462878286	1028.97675122288	0.130641337940176	28	1	
11	posttraining	reason-risen	1.48919795945163	99.9999993403343	3.05507328269014	89.5499142613895	14.9192852947576	2030	0.944660749839543	222.585073706372	0.303791353218148	28	1	
11	posttraining	toru-tooru	5.14677225282867e-08	93.0243460145779	3.18892231458784	38.0137872928892	19.5143696226675	2030	0.882362830968089	380.810621770088	-0.198065447999177	28	1	
11	pretraining	indent-intent	1.62949627480202e-06	99.9164900928627	3.06336550851682	101.047602425715	12.6006885372538	2080	0.96125494455414	158.777351612879	0.0952384139263284	28	1	
11	pretraining	kata-katta	4.60975177493974	99.9999998401412	4.90768440625073	23.3217009863199	32.3321249439008	2030	0.69670741328372	1045.36630338801	-0.105484132853248	28	1	
11	pretraining	reason-risen	1.86949526801271	97.4611538592225	4.22954708550103	115.913586228718	16.9967966640193	2100	0.934594839300773	288.891096838016	-0.0765076781685755	28	1	
11	pretraining	toru-tooru	1.75609606856142e-07	99.9999999801658	3.94481609465616	31.9595371651664	27.6162294566291	2080	0.814533260686345	762.656129401191	-0.595174285433622	28	1	
13	posttraining	indent-intent	3.20118260788149e-08	92.4107598962873	3.81591059625888	22.596780156189	11.7140855317349	2060	0.935269442715258	137.219799844801	0.087987244632695	26	1	
13	posttraining	kata-katta	17.4652016339724	74.4846261403517	4.04111565279138	21.7678178453063	11.7907539010388	2030	0.886663531834365	139.021877554863	-0.428950493802803	28	1	
13	posttraining	reason-risen	25.5453268738824	84.7427646164448	3.90115897547942	64.2603243498751	11.6344262739579	2090	0.919206747231398	135.359874724161	-0.252214531873182	27	1	
13	posttraining	toru-tooru	14.4205699177267	89.4843100639719	4.04454330029813	78.7835480814753	16.0260319538755	2030	0.906544552290112	256.833700186637	-0.210326218953236	28	1	
13	pretraining	indent-intent	12.2205435970412	91.4806354274483	2.95569165676421	89.1193664421336	13.8541876552343	2060	0.927731613419078	191.938515586447	-0.122841203044379	28	1	
13	pretraining	kata-katta	9.76438562402121	66.6660673579168	2.75504771299141	12.3905960291173	25.1590905520064	2040	0.545553617812505	632.979837404058	-0.163993415755223	28	1	
13	pretraining	reason-risen	13.4409921243662	90.7376556310987	4.41730633667411	21.025626676848	15.6889564016027	2100	0.864103011943161	246.143352971389	-0.219114723819067	28	1	
13	pretraining	toru-tooru	2.76459601877832e-08	96.9558114892403	2.68418876292581	36.6216544023803	10.6908965250241	2010	0.956835763833066	114.295268508772	-0.0679313887938109	28	1	
14	posttraining	indent-intent	2.42623322816478	98.9336560296486	3.68002685382639	101.355458580823	8.62984675687566	2080	0.981998253980498	74.4742550471573	-0.770403991104266	28	1	
14	posttraining	kata-katta	44.2211392132306	99.999999887642	5.48914492058582	81.243942686198	32.4457656876842	2080	0.603047628160956	1052.7277110601	-0.349892894441591	28	1	
14	posttraining	reason-risen	1.79880359496565e-08	99.1690132176331	4.17046565139662	46.3050267845984	24.9793152639311	2080	0.859815347343699	623.966191054862	0.104379147883736	28	1	
14	posttraining	toru-tooru	2.35444886742325	96.9918594206377	2.77014592875644	85.7055152395994	13.5917680717016	2050	0.946797514209073	184.736159314927	0.16492946176316	28	1	
14	pretraining	indent-intent	3.14355170161207e-06	99.8932886505316	2.9719504770131	93.3207895268722	16.9978396139107	2040	0.930447673092926	288.926551540233	0.297951710633965	28	1	
14	pretraining	kata-katta	22.7108771428397	82.3052934927314	4.4502202407286	142.004249019874	25.572153705354	2040	0.753870075799951	653.935045130248	0.13474577621924	28	1	
14	pretraining	reason-risen	2.24327862952123e-08	99.9999999385112	4.05726322498779	34.3400158244901	16.2726868011589	2050	0.930576882699622	264.800335728611	-0.267535409570681	26	1	
14	pretraining	toru-tooru	7.39183292353118e-09	99.8348893806677	2.16129670738621	55.6643342714063	15.5392455639008	2100	0.916226042904624	241.468152695211	-0.131561521494015	28	1	
15	posttraining	indent-intent	30.1021653726383	95.4795499055079	4.56295396738388	13.3478118706593	8.13753670617429	2030	0.923777842026341	66.2195036443339	-0.326553079688161	28	1	
15	posttraining	kata-katta	26.2913584544404	68.5839064458046	3.94186746731465	16.0128976788466	9.22963424743607	2010	0.875573870497902	85.1861483414448	-0.0255152933396935	28	1	
15	posttraining	reason-risen	2.83500867226394e-08	95.0221201071628	4.27854762692068	9.9304150028334	9.22001647469536	2060	0.892557849550756	85.0087037936539	-0.238840742035218	28	1	
15	posttraining	toru-tooru	28.8809256212594	86.1397747117842	3.34118399657554	16.7137317183839	10.6744005507076	2070	0.884061651011019	113.942827116946	-0.0764453072530667	28	1	
15	pretraining	indent-intent	27.0999757432523	87.1966954473719	3.32481305631896	29.2020866877739	10.9693520451499	2050	0.913324532975047	120.326684290433	-0.264869863745719	28	1	
15	pretraining	kata-katta	21.6585333580168	68.4692472522809	2.73561067699878	22.240580739324	11.3693841783467	2040	0.843000525519907	129.262896594841	-0.098571276548907	27	1	
15	pretraining	reason-risen	7.2581914060418	83.0498758174944	3.96414707915226	25.4363307858128	13.4580350179718	2070	0.90649853774946	181.118706544956	-0.36926508852221	28	1	
15	pretraining	toru-tooru	18.7643861488357	95.8281872603312	2.54665951615723	26.2740104589756	11.2884761983214	2010	0.914932616024252	127.42969488007	-0.0996724563214851	28	1	
17	posttraining	indent-intent	1.64594808893526e-08	99.9999999852434	3.48368879171554	185.696619428399	1.22688743895888	2060	0.99973958133309	1.50525278787508	0.440254156009979	28	1	
17	posttraining	kata-katta	4.30788489481208	86.9397589919567	2.50290027279449	95.5496607896052	12.5844408285272	2100	0.940006693350676	158.368150966702	-0.00560257134679742	26	1	
17	posttraining	reason-risen	5.32757483001124	97.0437079375157	4.55734310070523	52.0984114978798	20.5444049457802	2010	0.884962188116737	422.072574576197	-0.0637542641153225	28	1	
17	posttraining	toru-tooru	1.23380794948568	96.2584335155104	3.78330586171695	108.312592104536	10.9724452561388	2070	0.970247388406346	120.394554898964	-0.402495330700416	27	1	
17	pretraining	indent-intent	1.30039623513767e-08	99.999999981059	3.50401143875463	190.232086830803	1.14229534291645	2090	0.999788428536065	1.30483865044861	0.527974387726813	28	1	
17	pretraining	kata-katta	3.92876707167034e-07	99.5387726401492	3.53105107841467	41.4113126230548	21.5541239291217	2080	0.880436594287477	464.580258351939	-0.292114215468867	27	1	
17	pretraining	reason-risen	14.3950278233419	50.7536568877234	3.39387301546462	62.1572109398094	25.9413816463939	2040	0.561987169784053	672.955281723861	-0.425446839341019	27	1	
17	pretraining	toru-tooru	0.394226397839773	99.6285394486183	3.7828471087351	120.707496326417	15.6020357022718	2010	0.947671730641896	243.423518054965	-0.416399357533496	28	1	
18	posttraining	indent-intent	4.84239713595997	96.331739764259	2.83707480365341	75.4826500195458	9.71347264766422	2080	0.96966469954145	94.351550876921	-0.19344242837682	28	1	
18	posttraining	kata-katta	7.27811197975825e-08	99.9999997847962	5.15019289634156	19.9492676774242	20.8310538603405	2060	0.805009647445952	433.932804932407	-0.0981610802420772	28	1	
18	posttraining	reason-risen	2.59615570365239	92.9243023087429	3.40160026104192	36.871658940241	14.5758920229293	2080	0.925763283977586	212.456628264093	-0.168315954217202	28	1	
18	posttraining	toru-tooru	3.01364848974694	96.05463750311	3.36721579162897	57.0162756833113	7.95091614057476	2020	0.981063565890872	63.2170674744522	0.0302990374719918	27	1	
18	pretraining	indent-intent	5.20534067518652	99.1011200436614	2.98852736616004	58.6323613032434	15.3640568665665	2030	0.929985974591242	236.054243399089	-0.329806677792721	28	1	
18	pretraining	kata-katta	10.3679735430695	99.9999999791878	5.97434823200435	21.6771049073925	18.0274105397803	2030	0.794343262899047	324.98753076978	0.0422005179493703	28	1	
18	pretraining	reason-risen	8.07715591198414	96.9186328941316	5.12124869535319	35.1545198878098	11.827552542474	2030	0.9408097058849	139.890999144983	-0.33290107652996	28	1	
18	pretraining	toru-tooru	3.73451619948202	97.1212171950999	3.53223703189086	111.629536452535	6.65113325170025	2100	0.988613969199649	44.2375735318728	-0.0140576316510323	27	1	
19	posttraining	indent-intent	3.30033806156381	94.0066457508016	2.78575238333508	88.1494433897833	13.5184063483545	2010	0.945281308571385	182.74731019923	-0.257247634726034	26	1	
19	posttraining	kata-katta	18.163850685418	99.9991732151294	6.99856984198817	3.28648899318483	22.2664694339709	2100	0.260080436503908	495.79566105396	-0.187719347252036	27	1	
19	posttraining	reason-risen	6.76761873684158	94.1525907784589	4.00516567435402	67.432463546965	11.0212043365754	2030	0.962763273171233	121.466945028548	0.145233323781798	28	1	
19	posttraining	toru-tooru	6.8076586050374	97.5637691265316	3.33888752065156	109.544497082855	5.54317535675296	2050	0.991508200708351	30.7267930357133	0.188473731106259	28	1	
19	pretraining	indent-intent	2.99121722946438e-08	96.3918620609043	2.00537280682076	56.0550300838779	23.2109660820222	2040	0.828139180307368	538.748946460784	0.0824242892596768	24	1	
19	pretraining	kata-katta	14.3335838895879	99.9964479366253	6.99790811687605	1.76450832459588	21.2022567852661	2050	0.157470399562963	449.535692788363	-0.32178234197144	26	1	
19	pretraining	reason-risen	2.25463840704008	99.999999939398	5.11818625799528	95.8852418268344	16.694581032142	2010	0.93080145135494	278.709035838757	-0.230699470375602	28	1	
19	pretraining	toru-tooru	6.01455078087682	95.4570818766171	3.34749602140175	91.0607185089358	11.7549993614849	2030	0.96021945249913	138.18000998851	-0.329723438734499	27	1	
20	pretraining	indent-intent	7.60205978167505e-08	99.6211651179901	3.25777870683	19.723744447824	11.3147233788514	2100	0.934653105346781	128.022965139925	-0.357077117153926	27	1	
20	pretraining	kata-katta	30.9913798984358	99.9999997818145	6.23171560962539	7.36894623717421	10.6736711559798	2080	0.735812595846171	113.927255945995	0.105010871930197	28	1	
20	pretraining	reason-risen	11.7098665950664	85.2031364605362	5.58604617542122	107.289728447541	10.8156569060002	2040	0.946358957720564	116.97843430831	-0.00623540663704943	28	1	
20	pretraining	toru-tooru	12.6466336648832	96.7813798890811	3.53986302579453	139.169087124153	12.8384369457242	2100	0.953521350710968	164.825463209335	-0.292848529206649	24	1	
21	posttraining	indent-intent	19.6918055123973	57.5242963960754	2.83031078759512	29.7651777598909	17.1931939894864	2030	0.685643308054544	295.605919560111	0.0541051745922141	24	1	
21	posttraining	kata-katta	5.01381656192734e-07	94.0576494150081	4.2321348216222	11.8136400054427	10.5978656187477	2090	0.894745042263347	112.314755673034	-0.381522257797985	27	1	
21	posttraining	reason-risen	28.8304133532654	41.3978152218484	5.58235101216473	-14.0287831635326	20.9512450427489	2040	0.240561239615466	438.954668841311	0.105872569043101	26	1	
21	posttraining	toru-tooru	18.476822642636	90.0356431145169	3.45845070215036	40.3104403702738	9.65441881974018	2010	0.953226772137166	93.2078027469533	-0.354847332572723	28	1	
21	pretraining	indent-intent	2.16945039710481e-08	73.1824282507088	2.07340064845447	16.9550317330119	14.4134122708674	2010	0.804122497626278	207.746453289991	0.425744030780897	28	1	
21	pretraining	kata-katta	10.1113669192299	80.6045602107535	4.83244771668921	19.5300832378866	10.6837141559063	2020	0.915256682198124	114.141748165112	-0.140730323321992	27	1	
21	pretraining	reason-risen	33.609339677913	62.7464264353133	4.49076634988185	-59.2556036279466	24.7417772396842	2060	0.502883681913821	612.155540978155	-0.322394650416664	26	1	
21	pretraining	toru-tooru	8.48457305116198	97.0789440485729	2.50695719447135	41.6073255386643	14.0698343845401	2050	0.916584339562556	197.960239608388	-0.455944239429359	27	1	
23	posttraining	indent-intent	24.2912989404932	84.4780817703494	3.72156013587303	44.0484758376654	12.814857974169	2100	0.90282747626533	164.220584898122	-0.24195311755125	28	1	
23	posttraining	kata-katta	17.5480407350707	53.756805018172	2.52257910543047	59.1074871852092	18.8760934438735	2060	0.645858708533616	356.306903701845	0.109108174626331	28	1	
23	posttraining	reason-risen	3.82830672841609	99.9999999722991	4.0276583960893	20.7726076726042	9.62664149555233	2090	0.955310694743544	92.6722264838899	0.0109690767343702	27	1	
23	posttraining	toru-tooru	16.8157341438923	90.0137069283629	3.33876881082489	27.3194506875723	8.33564650360903	2020	0.958613957109733	69.4830026331295	-0.26749231526147	28	1	
23	pretraining	indent-intent	1.79883031137251e-07	97.3054448542883	3.20385894520198	56.1795570374016	8.68890959661606	2020	0.979234956732035	75.4971499781667	-0.352987512538164	26	1	
23	pretraining	kata-katta	4.10479172250678	99.9999999820474	3.44037528474935	26.2503957714928	19.7470550455716	2010	0.863456418660986	389.946182972837	0.124382401511896	28	1	
23	pretraining	reason-risen	1.55165764681442e-08	92.9674237350303	4.32830246967971	26.3228273440652	14.1462384094675	2040	0.924123372129318	200.116061137494	-0.122735843294259	28	1	
23	pretraining	toru-tooru	1.48772741681569e-07	98.3666985160035	3.08599202158078	23.9664167846725	9.84119791766668	2080	0.954666140235835	96.8491764546871	0.0526105363654389	28	1	
24	posttraining	indent-intent	0.000205082791552513	99.1261072457448	3.63156218873239	131.569336002366	7.75964474113422	2060	0.986730777420582	60.212086508612	-0.0216527851717794	28	1	
24	posttraining	kata-katta	0.0353712113083873	80.885359782166	2.91240074898785	110.326898456458	35.3265974083592	2100	0.6964692628849	1247.96848445229	0.0194047994840575	27	1	
24	posttraining	reason-risen	1.74518234530296e-07	94.7128989772806	1.97322247397426	113.575229376483	26.0233996727187	2040	0.794485239674213	677.217330526058	0.0775188693384975	28	1	
24	posttraining	toru-tooru	0.0477427919678064	99.9998491245261	3.2243535005884	119.782173920804	16.3390508732543	2020	0.941418312431103	266.964583438792	-0.420236367490229	28	1	
24	pretraining	indent-intent	0.288114334590155	99.9999999872994	4.21633028523711	121.943944313361	9.21514691512841	2090	0.981265402422644	84.9189326674006	-0.263679671330976	28	1	
24	pretraining	kata-katta	14.8202260353262	32.3596746966611	3.46414203399162	8.1957380309197	28.1993653467999	2080	0.247117829963517	795.2042059623	-0.459229211175735	28	1	
24	pretraining	reason-risen	1.78445205278877e-08	97.0301924489726	2.97949260646885	29.2827055853759	28.712052658256	2030	0.769455429128647	824.381967850465	-0.13787261624646	28	1	
24	pretraining	toru-tooru	8.16593297807511	99.9999999394474	4.28804760689756	116.15203059452	21.4895578738623	2060	0.897179932139621	461.801097614077	-0.185600366527906	28	1	
